FR878060.1	AL450380.1	79.840	18879	3435	234	3232947	3251627	2812625	2793920	0.0	13435
FR878060.1	AL450380.1	86.346	7844	1026	39	756891	764709	2277093	2269270	0.0	8510
FR878060.1	AL450380.1	94.669	4990	189	39	1474812	1479759	1341143	1346097	0.0	7670
FR878060.1	AL450380.1	80.709	9284	1712	59	2826911	2836144	1405852	1396598	0.0	7149
FR878060.1	AL450380.1	81.387	8510	1462	89	3270178	3278624	188453	180003	0.0	6828
FR878060.1	AL450380.1	84.396	6415	928	45	3254811	3261191	200535	194160	0.0	6233
FR878060.1	AL450380.1	81.578	6579	1177	31	4307301	4313857	84030	77465	0.0	5402
FR878060.1	AL450380.1	78.164	7419	1488	101	338967	346297	3023864	3016490	0.0	4604
FR878060.1	AL450380.1	81.121	5726	1037	31	2017029	2022741	1867909	1862215	0.0	4545
FR878060.1	AL450380.1	80.672	5893	1061	63	2477350	2483193	1959885	1965748	0.0	4501
FR878060.1	AL450380.1	79.328	5955	1105	76	4057177	4063041	271975	266057	0.0	4061
FR878060.1	AL450380.1	77.899	6520	1321	86	1796053	1802525	1502246	1508692	0.0	3947
FR878060.1	AL450380.1	82.352	4584	768	33	3810543	3815106	485172	480610	0.0	3945
FR878060.1	AL450380.1	79.436	5529	1014	93	612172	617625	2885521	2880041	0.0	3797
FR878060.1	AL450380.1	86.088	3436	460	14	1388090	1391519	1260024	1263447	0.0	3681
FR878060.1	AL450380.1	78.864	5564	1057	80	2732932	2738427	1767602	1773114	0.0	3650
FR878060.1	AL450380.1	85.727	3398	463	13	951192	954585	2572543	2569164	0.0	3568
FR878060.1	AL450380.1	81.284	4472	770	43	3366012	3370443	2064072	2068516	0.0	3559
FR878060.1	AL450380.1	82.407	4047	624	60	3390179	3394194	2093472	2097461	0.0	3448
FR878060.1	AL450380.1	77.504	5921	1179	97	2764598	2770437	1496727	1490879	0.0	3413
FR878060.1	AL450380.1	79.741	4783	899	45	1652449	1657206	720590	725327	0.0	3400
FR878060.1	AL450380.1	80.740	4434	758	66	596889	601277	2899216	2894834	0.0	3369
FR878060.1	AL450380.1	82.338	3901	648	27	1597262	1601136	678806	682691	0.0	3349
FR878060.1	AL450380.1	85.439	3221	452	16	3598556	3601767	924234	921022	0.0	3334
FR878060.1	AL450380.1	81.730	4034	686	38	1750865	1754880	1422548	1426548	0.0	3319
FR878060.1	AL450380.1	79.522	4644	842	70	491812	496379	388919	384309	0.0	3206
FR878060.1	AL450380.1	79.440	4606	883	47	125824	130403	3209499	3204932	0.0	3201
FR878060.1	AL450380.1	80.820	4072	729	40	1866602	1870652	1692183	1696223	0.0	3145
FR878060.1	AL450380.1	81.454	3796	692	11	1451146	1454935	1318301	1322090	0.0	3099
FR878060.1	AL450380.1	79.276	4531	853	68	4022804	4027284	305702	301208	0.0	3086
FR878060.1	AL450380.1	80.182	4178	766	49	2064058	2068202	2476916	2472768	0.0	3072
FR878060.1	AL450380.1	80.826	3948	715	35	4234705	4238634	130593	126670	0.0	3059
FR878060.1	AL450380.1	82.044	3620	587	40	1567743	1571318	657332	660932	0.0	3025
FR878060.1	AL450380.1	83.399	3289	504	32	778724	781977	2260372	2257091	0.0	3011
FR878060.1	AL450380.1	76.930	5440	1152	75	1586404	1591791	670034	675422	0.0	2998
FR878060.1	AL450380.1	79.355	4403	789	74	2470663	2474980	1024044	1019677	0.0	2985
FR878060.1	AL450380.1	81.826	3593	605	33	2371731	2375281	1560467	1556881	0.0	2974
FR878060.1	AL450380.1	87.194	2577	327	3	4019977	4022551	308549	305974	0.0	2928
FR878060.1	AL450380.1	80.514	3854	713	26	1560374	1564199	649623	653466	0.0	2922
FR878060.1	AL450380.1	83.275	3145	516	9	3800539	3803680	489443	486306	0.0	2885
FR878060.1	AL450380.1	78.084	4718	908	76	3625414	3630058	896575	891911	0.0	2868
FR878060.1	AL450380.1	83.317	3135	476	41	3380873	3383973	2083348	2086469	0.0	2848
FR878060.1	AL450380.1	81.231	3591	599	45	1135344	1138897	328050	331602	0.0	2828
FR878060.1	AL450380.1	85.425	2717	390	6	2507433	2510145	1996150	1998864	0.0	2819
FR878060.1	AL450380.1	78.761	4374	799	81	3318038	3322363	2024662	2028953	0.0	2811
FR878060.1	AL450380.1	79.439	4032	776	37	17682	21688	21105	25108	0.0	2804
FR878060.1	AL450380.1	81.413	3497	591	42	4126150	4129599	2750464	2753948	0.0	2802
FR878060.1	AL450380.1	84.178	2901	435	18	1840365	1843256	1668308	1671193	0.0	2793
FR878060.1	AL450380.1	77.756	4653	949	64	2431380	2435974	1059895	1055271	0.0	2780
FR878060.1	AL450380.1	81.395	3440	599	33	2694668	2698080	740055	736630	0.0	2769
FR878060.1	AL450380.1	78.458	4294	848	53	1376360	1380595	1248424	1252698	0.0	2734
FR878060.1	AL450380.1	78.290	4385	846	64	3227884	3232216	2817725	2813395	0.0	2726
FR878060.1	AL450380.1	78.433	4289	841	62	1790546	1794784	1445954	1450208	0.0	2719
FR878060.1	AL450380.1	77.081	4817	1005	70	1899928	1904690	1606100	1610871	0.0	2687
FR878060.1	AL450380.1	80.558	3513	625	35	1666278	1669758	2198533	2195047	0.0	2651
FR878060.1	AL450380.1	80.746	3511	564	70	3322319	3325741	2028885	2032371	0.0	2636
FR878060.1	AL450380.1	78.603	4094	766	76	3645353	3649403	870919	866893	0.0	2606
FR878060.1	AL450380.1	83.410	2827	448	11	2500410	2503220	1989140	1991961	0.0	2603
FR878060.1	AL450380.1	83.773	2730	404	19	2504658	2507353	1993404	1996128	0.0	2551
FR878060.1	AL450380.1	75.797	5330	1126	113	734137	739374	2287523	2282266	0.0	2545
FR878060.1	AL450380.1	81.039	3254	544	41	1467861	1471087	1335152	1338359	0.0	2523
FR878060.1	AL450380.1	84.645	2566	353	26	3685550	3688102	836411	833874	0.0	2518
FR878060.1	AL450380.1	77.799	4171	866	40	277465	281596	3069737	3065588	0.0	2518
FR878060.1	AL450380.1	80.349	3379	606	38	2750694	2754044	1782209	1785557	0.0	2508
FR878060.1	AL450380.1	78.688	3857	730	71	181957	185757	3154325	3150505	0.0	2484
FR878060.1	AL450380.1	85.338	2394	334	13	2895280	2897669	597956	595576	0.0	2460
FR878060.1	AL450380.1	82.604	2788	452	22	2344610	2347383	1582519	1579751	0.0	2431
FR878060.1	AL450380.1	78.285	3919	747	65	588107	591966	2904859	2900986	0.0	2427
FR878060.1	AL450380.1	80.097	3316	612	35	3668122	3671404	853693	850393	0.0	2423
FR878060.1	AL450380.1	82.843	2722	449	14	2446567	2449282	1045900	1043191	0.0	2423
FR878060.1	AL450380.1	82.525	2741	458	18	3540986	3543717	779885	777157	0.0	2388
FR878060.1	AL450380.1	77.561	4198	782	110	2339564	2343645	1587731	1583578	0.0	2386
FR878060.1	AL450380.1	78.871	3597	694	46	1930447	1934020	1629703	1633256	0.0	2372
FR878060.1	AL450380.1	80.217	3225	579	41	1862222	1865401	1687628	1690838	0.0	2366
FR878060.1	AL450380.1	82.821	2637	442	9	456191	458820	2963219	2965851	0.0	2350
FR878060.1	AL450380.1	81.418	2906	511	26	2841723	2844610	637495	634601	0.0	2348
FR878060.1	AL450380.1	77.185	4199	836	78	2400001	2404147	1085999	1081871	0.0	2335
FR878060.1	AL450380.1	77.452	4027	824	57	2033848	2037831	1855726	1851741	0.0	2329
FR878060.1	AL450380.1	78.338	3707	719	58	1781159	1784812	1438578	1442253	0.0	2320
FR878060.1	AL450380.1	82.845	2629	410	26	3122645	3125232	1879726	1882354	0.0	2318
FR878060.1	AL450380.1	80.655	3055	535	26	2640102	2643121	759806	756773	0.0	2316
FR878060.1	AL450380.1	81.088	2940	516	26	3347764	3350683	2052000	2054919	0.0	2313
FR878060.1	AL450380.1	80.399	3061	570	23	1616600	1619639	694879	697930	0.0	2302
FR878060.1	AL450380.1	79.013	3464	651	52	2395471	2398904	1090687	1087270	0.0	2300
FR878060.1	AL450380.1	78.337	3619	738	37	1855298	1858890	1680982	1684580	0.0	2298
FR878060.1	AL450380.1	82.434	2687	411	43	4231927	4234584	133416	130762	0.0	2290
FR878060.1	AL450380.1	76.168	4582	950	103	1775019	1779519	1432240	1436760	0.0	2281
FR878060.1	AL450380.1	83.723	2439	370	19	1223558	1225989	2335023	2332605	0.0	2279
FR878060.1	AL450380.1	85.741	2111	294	6	4032711	4034815	295693	293584	0.0	2224
FR878060.1	AL450380.1	79.340	3243	594	52	2860747	2863938	625362	622145	0.0	2207
FR878060.1	AL450380.1	86.996	1961	241	11	4238675	4240624	126530	124573	0.0	2196
FR878060.1	AL450380.1	84.982	2164	323	2	1833548	1835710	1661599	1663761	0.0	2194
FR878060.1	AL450380.1	82.665	2544	371	32	3066952	3069470	1016060	1013562	0.0	2191
FR878060.1	AL450380.1	80.281	2921	527	35	1556358	1559244	645416	648321	0.0	2158
FR878060.1	AL450380.1	77.526	3662	767	44	3212602	3216238	1954851	1958481	0.0	2152
FR878060.1	AL450380.1	81.090	2697	481	19	822168	824850	2222090	2219409	0.0	2128
FR878060.1	AL450380.1	83.615	2307	335	30	797554	799824	2244235	2241936	0.0	2126
FR878060.1	AL450380.1	81.642	2582	447	13	3486532	3489090	798625	796048	0.0	2117
FR878060.1	AL450380.1	81.549	2596	448	26	1131892	1134465	323458	326044	0.0	2111
FR878060.1	AL450380.1	80.959	2689	480	19	3041087	3043761	1822935	1825605	0.0	2100
FR878060.1	AL450380.1	80.709	2737	494	24	1830035	1832750	1652684	1655407	0.0	2098
FR878060.1	AL450380.1	85.178	2051	291	10	1000889	1002929	2526178	2524131	0.0	2091
FR878060.1	AL450380.1	80.021	2858	538	29	3251796	3254634	2793754	2790911	0.0	2084
FR878060.1	AL450380.1	78.609	3235	628	47	648393	651590	2698909	2702116	0.0	2082
FR878060.1	AL450380.1	76.696	3892	799	74	4039013	4042832	286279	282424	0.0	2063
FR878060.1	AL450380.1	81.120	2590	475	11	1301641	1304223	1800205	1797623	0.0	2061
FR878060.1	AL450380.1	82.084	2428	422	8	4098012	4100434	2732172	2734591	0.0	2061
FR878060.1	AL450380.1	78.898	3085	600	37	43450	46509	36177	39235	0.0	2043
FR878060.1	AL450380.1	76.708	3834	796	67	1910005	1913773	1617823	1621624	0.0	2043
FR878060.1	AL450380.1	79.950	2798	532	25	2075238	2078013	2466216	2463426	0.0	2032
FR878060.1	AL450380.1	80.615	2698	456	48	810363	813016	2231655	2228981	0.0	2023
FR878060.1	AL450380.1	81.043	2569	433	36	504522	507057	379938	377391	0.0	1997
FR878060.1	AL450380.1	85.692	1894	262	8	2363698	2365587	1570074	1568186	0.0	1988
FR878060.1	AL450380.1	80.324	2658	495	22	1827241	1829875	1650915	1648263	0.0	1986
FR878060.1	AL450380.1	79.409	2875	542	41	4244534	4247374	120728	117870	0.0	1984
FR878060.1	AL450380.1	82.444	2267	392	6	891881	894144	2629211	2626948	0.0	1977
FR878060.1	AL450380.1	77.565	3392	682	59	14157	17503	17544	20901	0.0	1975
FR878060.1	AL450380.1	79.479	2841	538	35	2964255	2967067	1598268	1595445	0.0	1975
FR878060.1	AL450380.1	79.890	2730	499	36	4204100	4206797	156396	153685	0.0	1954
FR878060.1	AL450380.1	80.142	2679	483	35	2071119	2073775	2470004	2467353	0.0	1954
FR878060.1	AL450380.1	80.900	2534	422	40	4213000	4215487	151872	149355	0.0	1941
FR878060.1	AL450380.1	77.138	3508	695	56	4379554	4382970	3258285	3261776	0.0	1936
FR878060.1	AL450380.1	75.282	4341	923	97	1494789	1499036	1355252	1359535	0.0	1934
FR878060.1	AL450380.1	87.500	1672	206	3	525247	526916	405419	407089	0.0	1927
FR878060.1	AL450380.1	78.669	2991	571	48	4087268	4090229	2721992	2724944	0.0	1927
FR878060.1	AL450380.1	80.045	2651	473	43	3387338	3389958	2090606	2093230	0.0	1914
FR878060.1	AL450380.1	78.266	3138	568	61	3638640	3641707	877757	874664	0.0	1912
FR878060.1	AL450380.1	82.181	2256	364	27	2746366	2748608	1779773	1782003	0.0	1905
FR878060.1	AL450380.1	77.098	3432	692	66	1057011	1060392	217158	220545	0.0	1897
FR878060.1	AL450380.1	79.406	2763	512	47	1256371	1259092	1127692	1130438	0.0	1897
FR878060.1	AL450380.1	81.619	2323	398	27	72366	74673	3210654	3212962	0.0	1897
FR878060.1	AL450380.1	79.196	2836	503	57	1350010	1352822	1228779	1231550	0.0	1888
FR878060.1	AL450380.1	77.810	3141	629	51	2634932	2638032	763197	760085	0.0	1877
FR878060.1	AL450380.1	78.213	2933	607	25	2776323	2779245	1485773	1482863	0.0	1847
FR878060.1	AL450380.1	74.584	4446	1017	94	200757	205139	3096293	3100688	0.0	1845
FR878060.1	AL450380.1	85.066	1808	268	2	416542	418348	2973469	2971663	0.0	1842
FR878060.1	AL450380.1	81.721	2243	376	21	1687649	1689877	2180132	2177910	0.0	1840
FR878060.1	AL450380.1	80.676	2396	440	18	1121863	1124242	312281	314669	0.0	1838
FR878060.1	AL450380.1	80.992	2378	392	39	2998482	3000827	1185830	1183481	0.0	1832
FR878060.1	AL450380.1	79.781	2552	491	21	2725305	2727843	1761570	1764109	0.0	1831
FR878060.1	AL450380.1	82.434	2095	358	9	1093201	1095290	240531	242620	0.0	1821
FR878060.1	AL450380.1	77.881	3020	606	46	241661	244645	3129374	3132366	0.0	1820
FR878060.1	AL450380.1	80.997	2326	408	25	2159845	2162159	2372105	2369803	0.0	1816
FR878060.1	AL450380.1	77.840	3046	598	58	2924316	2927332	551271	554268	0.0	1814
FR878060.1	AL450380.1	80.227	2468	438	33	3641807	3644235	874462	872006	0.0	1808
FR878060.1	AL450380.1	78.955	2699	523	28	1461262	1463952	1328493	1331154	0.0	1796
FR878060.1	AL450380.1	79.160	2644	506	33	3621064	3623669	902780	900144	0.0	1788
FR878060.1	AL450380.1	83.480	1931	303	9	288577	290504	3057062	3055145	0.0	1784
FR878060.1	AL450380.1	79.144	2618	513	20	2845058	2847653	633978	631372	0.0	1779
FR878060.1	AL450380.1	78.848	2742	497	59	2404283	2406981	1081698	1078997	0.0	1773
FR878060.1	AL450380.1	82.681	2044	294	33	728270	730266	2295078	2293048	0.0	1759
FR878060.1	AL450380.1	76.904	3243	658	65	979108	982322	2538531	2535352	0.0	1755
FR878060.1	AL450380.1	82.081	2076	336	18	3818805	3820873	475173	473127	0.0	1740
FR878060.1	AL450380.1	81.373	2142	377	11	3631062	3633201	890917	888796	0.0	1725
FR878060.1	AL450380.1	83.088	1904	296	14	3840977	3842865	464849	462957	0.0	1709
FR878060.1	AL450380.1	80.342	2279	418	24	3361768	3364026	2059832	2062100	0.0	1700
FR878060.1	AL450380.1	77.860	2823	558	49	2704221	2706994	1745795	1748599	0.0	1688
FR878060.1	AL450380.1	79.716	2396	436	27	3616906	3619260	907048	904662	0.0	1687
FR878060.1	AL450380.1	81.584	2058	361	16	897676	899724	2622706	2620658	0.0	1685
FR878060.1	AL450380.1	80.833	2160	399	7	4094702	4096846	2729177	2731336	0.0	1681
FR878060.1	AL450380.1	78.082	2774	523	64	1663431	1666153	2201451	2198712	0.0	1676
FR878060.1	AL450380.1	77.709	2889	536	75	3130951	3133783	1886295	1889131	0.0	1668
FR878060.1	AL450380.1	84.002	1744	271	7	3340090	3341829	2044356	2046095	0.0	1668
FR878060.1	AL450380.1	83.886	1750	264	14	2770511	2772255	1490850	1489114	0.0	1653
FR878060.1	AL450380.1	80.035	2289	411	32	1220362	1222643	2338938	2336689	0.0	1653
FR878060.1	AL450380.1	77.213	2870	623	23	2583584	2586439	1008870	1006018	0.0	1648
FR878060.1	AL450380.1	80.224	2235	404	27	2910664	2912868	583404	581178	0.0	1644
FR878060.1	AL450380.1	81.204	2059	371	15	3351521	3353571	2055790	2057840	0.0	1644
FR878060.1	AL450380.1	77.154	2994	579	70	1669849	1672764	2194819	2191853	0.0	1642
FR878060.1	AL450380.1	86.613	1494	187	7	3862985	3864474	2344282	2345766	0.0	1639
FR878060.1	AL450380.1	78.384	2549	531	17	894859	897399	2626846	2624310	0.0	1637
FR878060.1	AL450380.1	78.625	2531	490	33	3078951	3081439	1871052	1873573	0.0	1629
FR878060.1	AL450380.1	74.811	3835	857	84	3306474	3310234	2014833	2018632	0.0	1629
FR878060.1	AL450380.1	78.794	2537	457	44	1679644	1682114	2185741	2183220	0.0	1629
FR878060.1	AL450380.1	83.065	1801	295	4	2883448	2885248	608618	606828	0.0	1628
FR878060.1	AL450380.1	79.711	2282	438	23	1509091	1511359	1368584	1370853	0.0	1626
FR878060.1	AL450380.1	76.641	3031	654	42	4371199	4374214	3249903	3252894	0.0	1626
FR878060.1	AL450380.1	80.664	2110	393	14	3448289	3450391	807994	805893	0.0	1622
FR878060.1	AL450380.1	78.546	2517	501	29	4224858	4227353	139080	136582	0.0	1620
FR878060.1	AL450380.1	82.344	1886	313	18	2974680	2976555	1203073	1201198	0.0	1620
FR878060.1	AL450380.1	84.091	1672	264	2	954659	956329	2560985	2559315	0.0	1613
FR878060.1	AL450380.1	79.474	2280	455	10	1593614	1595883	676267	678543	0.0	1605
FR878060.1	AL450380.1	78.094	2561	538	18	195192	197737	3090748	3093300	0.0	1600
FR878060.1	AL450380.1	84.465	1635	239	9	808577	810202	2233363	2231735	0.0	1598
FR878060.1	AL450380.1	81.101	2016	356	21	431567	433562	361298	363308	0.0	1589
FR878060.1	AL450380.1	84.429	1612	235	12	2475436	2477034	1094206	1095814	0.0	1572
FR878060.1	AL450380.1	85.753	1474	204	4	3608697	3610167	915101	913631	0.0	1554
FR878060.1	AL450380.1	82.122	1857	293	31	4129732	4131569	2754521	2756357	0.0	1554
FR878060.1	AL450380.1	76.661	2875	628	33	4029529	4032371	298987	296124	0.0	1552
FR878060.1	AL450380.1	76.075	3139	652	66	3674581	3677659	846280	843181	0.0	1544
FR878060.1	AL450380.1	77.124	2789	559	61	3836433	3839169	467962	465201	0.0	1543
FR878060.1	AL450380.1	84.343	1584	237	6	2360149	2361732	1575474	1573902	0.0	1541
FR878060.1	AL450380.1	79.914	2091	414	6	7688	9775	8966	11053	0.0	1530
FR878060.1	AL450380.1	78.191	2499	472	58	3033892	3036352	1149631	1147168	0.0	1528
FR878060.1	AL450380.1	77.617	2627	513	58	1677077	1679653	2188367	2185766	0.0	1524
FR878060.1	AL450380.1	78.520	2351	482	18	235626	237960	3123491	3125834	0.0	1522
FR878060.1	AL450380.1	80.565	2017	356	21	4133149	4135151	2757683	2759677	0.0	1520
FR878060.1	AL450380.1	84.017	1608	221	19	801609	803181	2240298	2238692	0.0	1513
FR878060.1	AL450380.1	84.930	1493	223	2	3036437	3037928	1147124	1145633	0.0	1509
FR878060.1	AL450380.1	76.893	2774	571	53	3706420	3709142	823978	821224	0.0	1507
FR878060.1	AL450380.1	81.991	1788	310	10	248426	250207	3135264	3137045	0.0	1507
FR878060.1	AL450380.1	81.913	1819	297	24	50068	51862	3242519	3240709	0.0	1507
FR878060.1	AL450380.1	83.510	1607	265	0	3605543	3607149	918290	916684	0.0	1500
FR878060.1	AL450380.1	78.296	2442	447	49	3014006	3016382	1166728	1164305	0.0	1496
FR878060.1	AL450380.1	77.671	2508	519	26	2517315	2519799	2157660	2160149	0.0	1491
FR878060.1	AL450380.1	78.349	2374	463	35	1054596	1056933	214251	216609	0.0	1489
FR878060.1	AL450380.1	76.436	2856	610	51	2423023	2425858	1067130	1064318	0.0	1487
FR878060.1	AL450380.1	87.578	1288	149	9	782119	783403	2257066	2255787	0.0	1482
FR878060.1	AL450380.1	83.130	1636	256	13	2730653	2732284	1765392	1767011	0.0	1474
FR878060.1	AL450380.1	83.467	1615	232	19	799895	801506	2241928	2240346	0.0	1471
FR878060.1	AL450380.1	82.139	1730	294	11	1646161	1647877	714231	715958	0.0	1469
FR878060.1	AL450380.1	81.131	1839	339	7	2414388	2416222	1075859	1074025	0.0	1467
FR878060.1	AL450380.1	77.382	2529	534	34	908741	911250	2605090	2602581	0.0	1467
FR878060.1	AL450380.1	80.745	1906	339	18	4247937	4249830	117248	115359	0.0	1461
FR878060.1	AL450380.1	79.264	2146	398	33	582082	584202	2911014	2908891	0.0	1454
FR878060.1	AL450380.1	81.488	1788	314	10	2358323	2360103	1577254	1575477	0.0	1452
FR878060.1	AL450380.1	76.786	2701	560	51	3167562	3170214	1912789	1915470	0.0	1452
FR878060.1	AL450380.1	83.396	1608	222	28	3864613	3866186	2345835	2347431	0.0	1448
FR878060.1	AL450380.1	79.831	2008	385	17	1124420	1126417	314922	316919	0.0	1447
FR878060.1	AL450380.1	82.266	1686	287	9	1449467	1451146	1316547	1318226	0.0	1447
FR878060.1	AL450380.1	76.738	2661	572	29	3263565	3266209	191969	189340	0.0	1441
FR878060.1	AL450380.1	75.633	3041	651	55	2489630	2492601	1974014	1977033	0.0	1428
FR878060.1	AL450380.1	76.342	2794	581	64	3575320	3578070	954859	952103	0.0	1424
FR878060.1	AL450380.1	76.623	2695	563	49	1003638	1006294	2520439	2517774	0.0	1424
FR878060.1	AL450380.1	77.072	2582	521	49	3278632	3281173	179830	177280	0.0	1423
FR878060.1	AL450380.1	79.021	2145	396	31	1848909	1851017	1675739	1677865	0.0	1419
FR878060.1	AL450380.1	82.622	1617	265	8	3795801	3797403	492635	491021	0.0	1415
FR878060.1	AL450380.1	78.330	2192	449	22	3402257	3404432	2106677	2108858	0.0	1393
FR878060.1	AL450380.1	78.009	2260	462	25	3710999	3713234	819387	817139	0.0	1387
FR878060.1	AL450380.1	77.605	2380	463	43	4200132	4202462	160399	158041	0.0	1378
FR878060.1	AL450380.1	80.971	1771	310	24	1201381	1203142	2864965	2863213	0.0	1378
FR878060.1	AL450380.1	76.090	2844	563	73	2407043	2409781	1078968	1076137	0.0	1376
FR878060.1	AL450380.1	81.196	1723	307	15	3603693	3605405	920140	918425	0.0	1371
FR878060.1	AL450380.1	82.353	1581	266	11	2483444	2485017	1965985	1967559	0.0	1362
FR878060.1	AL450380.1	79.035	2032	392	20	970179	972186	2546145	2544124	0.0	1362
FR878060.1	AL450380.1	77.248	2347	510	22	2293676	2296005	1726392	1728731	0.0	1354
FR878060.1	AL450380.1	80.702	1767	318	17	3261737	3263493	193766	192013	0.0	1352
FR878060.1	AL450380.1	83.611	1440	234	2	1812708	1814146	1519721	1521159	0.0	1351
FR878060.1	AL450380.1	81.329	1671	302	8	1051391	1053054	211160	212827	0.0	1349
FR878060.1	AL450380.1	78.517	2104	411	28	3549657	3551729	771238	769145	0.0	1343
FR878060.1	AL450380.1	79.377	1959	365	22	2556614	2558539	1947440	1945488	0.0	1343
FR878060.1	AL450380.1	76.841	2444	526	35	198018	200441	3093542	3095965	0.0	1341
FR878060.1	AL450380.1	82.051	1599	261	12	419173	420760	2970894	2969311	0.0	1339
FR878060.1	AL450380.1	77.626	2266	461	36	1114966	1117215	257225	259460	0.0	1334
FR878060.1	AL450380.1	78.982	1965	402	8	100941	102899	2373616	2375575	0.0	1330
FR878060.1	AL450380.1	78.156	2115	437	17	2810190	2812289	530708	528604	0.0	1323
FR878060.1	AL450380.1	83.822	1397	218	7	398621	400012	2984145	2982752	0.0	1321
FR878060.1	AL450380.1	77.699	2260	431	47	3567420	3569642	962620	960397	0.0	1314
FR878060.1	AL450380.1	80.434	1753	316	14	1768751	1770497	1427794	1429525	0.0	1312
FR878060.1	AL450380.1	82.832	1462	245	4	2093062	2094520	2453630	2452172	0.0	1304
FR878060.1	AL450380.1	75.618	2752	602	57	2287204	2289914	1726004	1728727	0.0	1301
FR878060.1	AL450380.1	81.093	1629	300	7	1740214	1741838	1410867	1412491	0.0	1295
FR878060.1	AL450380.1	80.822	1679	291	26	4249845	4251509	115292	113631	0.0	1288
FR878060.1	AL450380.1	78.958	1920	383	15	1429237	1431143	1294673	1296584	0.0	1288
FR878060.1	AL450380.1	81.139	1633	279	24	319024	320642	3035295	3033678	0.0	1282
FR878060.1	AL450380.1	81.718	1537	278	3	4114315	4115850	2741815	2743349	0.0	1279
FR878060.1	AL450380.1	78.964	1911	374	23	4138055	4139947	2762495	2764395	0.0	1277
FR878060.1	AL450380.1	83.075	1418	218	15	2428314	2429720	1062975	1061569	0.0	1269
FR878060.1	AL450380.1	82.719	1464	218	21	1473251	1474685	1339543	1341000	0.0	1269
FR878060.1	AL450380.1	76.461	2413	517	39	2377885	2380256	1553957	1551555	0.0	1262
FR878060.1	AL450380.1	84.688	1267	188	2	1456720	1457980	1323888	1325154	0.0	1260
FR878060.1	AL450380.1	79.167	1848	359	22	2858641	2860471	627518	625680	0.0	1256
FR878060.1	AL450380.1	79.784	1761	330	21	2467905	2469652	1026742	1024995	0.0	1256
FR878060.1	AL450380.1	82.893	1438	206	20	730884	732305	2292562	2291149	0.0	1256
FR878060.1	AL450380.1	80.905	1613	275	20	2627703	2629306	980232	978644	0.0	1242
FR878060.1	AL450380.1	77.421	2148	443	30	3218279	3220398	2000922	2003055	0.0	1242
FR878060.1	AL450380.1	80.205	1662	319	9	2575385	2577041	2143417	2145073	0.0	1238
FR878060.1	AL450380.1	79.022	1840	348	20	4215616	4217421	149289	147454	0.0	1225
FR878060.1	AL450380.1	79.567	1757	325	21	2849487	2851215	629473	627723	0.0	1225
FR878060.1	AL450380.1	84.119	1272	192	9	2503254	2504520	1992028	1993294	0.0	1221
FR878060.1	AL450380.1	78.748	1901	345	38	3189771	3191643	1935020	1936889	0.0	1218
FR878060.1	AL450380.1	77.123	2155	457	30	4177263	4179405	2948761	2946631	0.0	1216
FR878060.1	AL450380.1	78.537	1887	375	25	2436080	2437952	1055146	1053276	0.0	1214
FR878060.1	AL450380.1	87.777	1039	125	2	2994953	2995990	1190224	1189187	0.0	1214
FR878060.1	AL450380.1	77.424	2073	445	19	2722949	2725008	1759304	1761366	0.0	1214
FR878060.1	AL450380.1	79.270	1780	333	24	3377365	3379118	2079775	2081544	0.0	1210
FR878060.1	AL450380.1	82.258	1426	224	19	2990238	2991652	1194855	1193448	0.0	1205
FR878060.1	AL450380.1	77.435	2105	409	46	2865311	2867376	621803	619726	0.0	1195
FR878060.1	AL450380.1	80.451	1596	286	18	2466293	2467865	1028879	1027287	0.0	1195
FR878060.1	AL450380.1	79.108	1771	320	32	4139952	4141682	2764436	2766196	0.0	1175
FR878060.1	AL450380.1	79.640	1665	314	18	3892653	3894307	2677084	2678733	0.0	1173
FR878060.1	AL450380.1	81.487	1426	258	6	2100997	2102420	2449792	2448371	0.0	1166
FR878060.1	AL450380.1	79.901	1612	305	19	3867763	3869365	2348313	2349914	0.0	1164
FR878060.1	AL450380.1	81.812	1413	231	18	3451505	3452896	804914	803507	0.0	1162
FR878060.1	AL450380.1	78.303	1839	371	21	2384620	2386448	1547593	1545773	0.0	1160
FR878060.1	AL450380.1	74.098	3050	687	76	110093	113071	2383350	2386367	0.0	1160
FR878060.1	AL450380.1	85.976	1091	143	9	748906	749990	2278340	2277254	0.0	1158
FR878060.1	AL450380.1	82.579	1303	227	0	995801	997103	2532937	2531635	0.0	1149
FR878060.1	AL450380.1	80.497	1528	271	23	1	1522	58	1564	0.0	1146
FR878060.1	AL450380.1	82.877	1279	214	4	1217959	1219235	2341431	2340156	0.0	1144
FR878060.1	AL450380.1	81.123	1425	267	2	2377885	2379308	1555624	1554201	0.0	1140
FR878060.1	AL450380.1	80.261	1535	280	17	1293512	1295042	1805496	1803981	0.0	1134
FR878060.1	AL450380.1	78.273	1772	377	7	3071678	3073443	948302	946533	0.0	1133
FR878060.1	AL450380.1	79.235	1647	325	14	4015834	4017470	2305188	2306827	0.0	1131
FR878060.1	AL450380.1	81.412	1388	248	7	274381	275763	3074057	3072675	0.0	1125
FR878060.1	AL450380.1	79.584	1587	311	9	867421	869004	2648941	2647365	0.0	1123
FR878060.1	AL450380.1	76.988	2025	428	28	568396	570391	2922674	2920659	0.0	1123
FR878060.1	AL450380.1	81.596	1391	225	17	1458140	1459502	1325474	1326861	0.0	1122
FR878060.1	AL450380.1	80.722	1468	254	23	3607168	3608616	916585	915128	0.0	1116
FR878060.1	AL450380.1	84.802	1112	166	3	50068	51178	492725	493834	0.0	1114
FR878060.1	AL450380.1	81.832	1343	223	15	2520095	2521428	2160246	2161576	0.0	1109
FR878060.1	AL450380.1	83.624	1203	169	17	745435	746629	2281618	2280436	0.0	1105
FR878060.1	AL450380.1	79.338	1631	287	30	586400	587991	2906708	2905089	0.0	1099
FR878060.1	AL450380.1	81.209	1373	239	12	2903756	2905122	589429	588070	0.0	1088
FR878060.1	AL450380.1	81.268	1356	242	6	3845992	3847345	459316	457971	0.0	1086
FR878060.1	AL450380.1	83.277	1184	195	3	4141791	4142972	2766373	2767555	0.0	1086
FR878060.1	AL450380.1	78.584	1681	331	25	633191	634852	2683256	2684926	0.0	1083
FR878060.1	AL450380.1	79.241	1580	303	18	2991761	2993329	1193385	1191820	0.0	1077
FR878060.1	AL450380.1	75.842	2198	479	41	212406	214569	3107515	3109694	0.0	1070
FR878060.1	AL450380.1	83.538	1142	181	5	3343628	3344767	2048040	2049176	0.0	1061
FR878060.1	AL450380.1	75.934	2169	451	42	1505334	1507466	1364666	1366799	0.0	1048
FR878060.1	AL450380.1	76.730	1994	392	40	3374144	3376084	2075926	2077900	0.0	1046
FR878060.1	AL450380.1	79.182	1590	258	43	3847450	3848993	457885	456323	0.0	1035
FR878060.1	AL450380.1	79.674	1471	269	24	2820904	2822355	526136	524677	0.0	1033
FR878060.1	AL450380.1	78.074	1651	345	11	3592536	3594178	927285	925644	0.0	1027
FR878060.1	AL450380.1	75.844	2132	439	61	4291853	4293950	96369	94280	0.0	1014
FR878060.1	AL450380.1	80.589	1324	242	13	904070	905388	2613359	2612046	0.0	1007
FR878060.1	AL450380.1	81.386	1241	225	6	572093	573330	2919295	2918058	0.0	1007
FR878060.1	AL450380.1	82.034	1180	204	7	3563067	3564242	967117	965942	0.0	998
FR878060.1	AL450380.1	79.131	1519	258	45	3619532	3621027	904375	902893	0.0	994
FR878060.1	AL450380.1	78.405	1630	279	45	2393723	2395328	1092373	1090793	0.0	992
FR878060.1	AL450380.1	81.395	1204	222	1	575949	577150	2916529	2915326	0.0	981
FR878060.1	AL450380.1	77.915	1621	323	23	4100542	4102144	2734780	2736383	0.0	977
FR878060.1	AL450380.1	83.922	1020	164	0	1674995	1676014	2189484	2188465	0.0	976
FR878060.1	AL450380.1	80.184	1307	254	5	2824954	2826256	1407681	1406376	0.0	974
FR878060.1	AL450380.1	82.016	1151	195	8	3281748	3282890	176589	175443	0.0	968
FR878060.1	AL450380.1	81.595	1179	208	7	2369044	2370213	1563113	1561935	0.0	966
FR878060.1	AL450380.1	80.499	1323	207	24	58627	59918	3233980	3232678	0.0	966
FR878060.1	AL450380.1	81.595	1179	203	9	1370512	1371680	1243753	1244927	0.0	963
FR878060.1	AL450380.1	80.645	1271	221	14	2698234	2699481	736433	735165	0.0	961
FR878060.1	AL450380.1	85.480	916	129	3	733163	734076	2288518	2287605	0.0	952
FR878060.1	AL450380.1	81.574	1156	207	6	3462954	3464106	2612046	2613198	0.0	950
FR878060.1	AL450380.1	77.695	1614	318	23	1307593	1309178	1794559	1792960	0.0	948
FR878060.1	AL450380.1	80.500	1241	235	7	3158459	3159695	1906992	1908229	0.0	944
FR878060.1	AL450380.1	86.437	870	106	6	3177186	3178046	1923256	1924122	0.0	942
FR878060.1	AL450380.1	80.601	1232	221	8	3057709	3058927	1840481	1841707	0.0	935
FR878060.1	AL450380.1	82.732	1054	179	3	154964	156015	3178796	3177744	0.0	935
FR878060.1	AL450380.1	80.964	1182	220	5	2901415	2902591	591872	590691	0.0	931
FR878060.1	AL450380.1	76.417	1747	394	16	2081922	2083659	2462518	2460781	0.0	928
FR878060.1	AL450380.1	80.376	1223	232	4	4285257	4286478	103314	102099	0.0	922
FR878060.1	AL450380.1	80.960	1187	206	12	3159765	3160935	1908266	1909448	0.0	922
FR878060.1	AL450380.1	81.633	1127	185	13	1559254	1560369	648423	649538	0.0	915
FR878060.1	AL450380.1	77.792	1531	300	31	2498578	2500079	1987241	1988760	0.0	907
FR878060.1	AL450380.1	79.649	1253	255	0	3065628	3066880	1017507	1016255	0.0	902
FR878060.1	AL450380.1	80.226	1239	214	18	1838880	1840095	1666941	1668171	0.0	902
FR878060.1	AL450380.1	83.282	981	160	4	238797	239775	3126487	3127465	0.0	900
FR878060.1	AL450380.1	81.216	1118	207	3	899763	900878	2620532	2619416	0.0	898
FR878060.1	AL450380.1	75.522	1965	408	57	1824553	1826483	1531700	1533625	0.0	896
FR878060.1	AL450380.1	76.947	1631	341	29	1203312	1204920	2863005	2861388	0.0	896
FR878060.1	AL450380.1	82.755	1009	169	4	1381929	1382935	1254651	1255656	0.0	894
FR878060.1	AL450380.1	82.250	1031	177	5	487503	488530	354034	353007	0.0	885
FR878060.1	AL450380.1	81.481	1080	198	2	2607907	2608985	989524	988446	0.0	885
FR878060.1	AL450380.1	80.444	1171	219	10	1865412	1866577	1690904	1692069	0.0	885
FR878060.1	AL450380.1	78.736	1345	270	13	171738	173074	3158729	3157393	0.0	885
FR878060.1	AL450380.1	81.853	1047	188	2	3681653	3682698	838751	837706	0.0	880
FR878060.1	AL450380.1	78.485	1413	249	42	1649850	1651231	717903	719291	0.0	874
FR878060.1	AL450380.1	80.382	1152	213	10	22041	23184	25452	26598	0.0	863
FR878060.1	AL450380.1	84.371	883	134	2	2920604	2921484	550189	551069	0.0	863
FR878060.1	AL450380.1	77.428	1493	305	23	1282510	1283996	1816506	1815040	0.0	861
FR878060.1	AL450380.1	82.218	1001	174	3	1601163	1602161	682754	683752	0.0	859
FR878060.1	AL450380.1	81.599	1038	187	4	3385221	3386256	2087960	2088995	0.0	856
FR878060.1	AL450380.1	77.724	1459	282	35	1455125	1456549	1322127	1323576	0.0	854
FR878060.1	AL450380.1	75.618	1739	405	17	1324510	1326237	1467577	1469307	0.0	845
FR878060.1	AL450380.1	83.424	917	144	7	913961	914873	2600060	2599148	0.0	845
FR878060.1	AL450380.1	77.762	1412	286	22	3021634	3023022	1157188	1155782	0.0	843
FR878060.1	AL450380.1	83.189	922	153	2	879919	880839	2636934	2636014	0.0	843
FR878060.1	AL450380.1	77.747	1429	270	24	3230789	3232211	2820195	2818809	0.0	833
FR878060.1	AL450380.1	75.027	1882	427	31	2416892	2418753	1073388	1071530	0.0	832
FR878060.1	AL450380.1	86.234	770	100	2	732317	733080	2291078	2290309	0.0	830
FR878060.1	AL450380.1	79.947	1132	221	6	3063376	3064503	1846953	1848082	0.0	828
FR878060.1	AL450380.1	82.353	952	160	7	3070516	3071463	1013089	1012142	0.0	821
FR878060.1	AL450380.1	82.218	956	164	6	1126531	1127483	316988	317940	0.0	819
FR878060.1	AL450380.1	78.952	1221	242	13	3823676	3824889	469344	468132	0.0	817
FR878060.1	AL450380.1	79.717	1129	225	4	2438021	2439147	1053243	1052117	0.0	813
FR878060.1	AL450380.1	79.368	1202	208	25	2451645	2452838	1040845	1039676	0.0	809
FR878060.1	AL450380.1	80.279	1075	208	4	1235628	1236700	2323281	2322209	0.0	808
FR878060.1	AL450380.1	81.496	989	173	8	2993489	2994474	1191657	1190676	0.0	804
FR878060.1	AL450380.1	77.948	1306	272	14	3292423	3293717	168886	167586	0.0	802
FR878060.1	AL450380.1	75.369	1827	358	57	2449859	2451647	1042654	1040882	0.0	797
FR878060.1	AL450380.1	77.389	1402	277	28	2443286	2444664	1049088	1047704	0.0	797
FR878060.1	AL450380.1	77.956	1311	250	29	3211296	3212575	1953457	1954759	0.0	784
FR878060.1	AL450380.1	85.340	764	103	7	3170277	3171039	1915427	1916182	0.0	782
FR878060.1	AL450380.1	78.147	1263	250	19	1118677	1119932	309686	310929	0.0	780
FR878060.1	AL450380.1	74.930	1787	407	32	2495140	2496899	1978475	1980247	0.0	780
FR878060.1	AL450380.1	84.304	790	123	1	2918232	2919020	577127	576338	0.0	771
FR878060.1	AL450380.1	81.681	928	168	2	1928735	1929661	1627968	1628894	0.0	771
FR878060.1	AL450380.1	73.598	2246	493	72	1284685	1286881	1814283	1812089	0.0	771
FR878060.1	AL450380.1	83.153	831	138	2	1648936	1649765	716927	717756	0.0	758
FR878060.1	AL450380.1	81.991	894	159	2	1746482	1747374	1417759	1418651	0.0	758
FR878060.1	AL450380.1	76.669	1483	270	45	900957	902390	2619330	2617875	0.0	752
FR878060.1	AL450380.1	82.319	871	151	1	555613	556480	2934953	2934083	0.0	752
FR878060.1	AL450380.1	77.849	1246	253	22	2977232	2978464	1200478	1199243	0.0	750
FR878060.1	AL450380.1	84.375	768	109	10	455353	456115	2962437	2963198	0.0	743
FR878060.1	AL450380.1	80.390	974	191	0	601380	602353	2894770	2893797	0.0	741
FR878060.1	AL450380.1	81.891	878	157	2	3562162	3563038	968065	967189	0.0	739
FR878060.1	AL450380.1	76.228	1405	324	9	1400123	1401522	1272360	1273759	0.0	736
FR878060.1	AL450380.1	75.930	1533	314	29	1459650	1461165	1326952	1328446	0.0	736
FR878060.1	AL450380.1	79.635	1041	198	13	2387976	2389009	1544316	1543283	0.0	736
FR878060.1	AL450380.1	75.580	1552	346	26	3330872	3332408	2036633	2038166	0.0	736
FR878060.1	AL450380.1	85.922	689	97	0	4092408	4093096	2726900	2727588	0.0	736
FR878060.1	AL450380.1	78.815	1114	219	10	267891	268991	3081329	3080220	0.0	734
FR878060.1	AL450380.1	80.742	971	157	13	1638404	1639371	709907	710850	0.0	730
FR878060.1	AL450380.1	82.479	839	138	9	2813884	2814717	527002	526168	0.0	726
FR878060.1	AL450380.1	79.368	1076	185	22	60097	61142	3232498	3231430	0.0	723
FR878060.1	AL450380.1	80.141	992	172	13	2900343	2901311	593014	592025	0.0	717
FR878060.1	AL450380.1	84.362	729	114	0	592276	593004	2900855	2900127	0.0	715
FR878060.1	AL450380.1	82.512	812	141	1	4206840	4207651	153594	152784	0.0	712
FR878060.1	AL450380.1	76.511	1307	286	17	3292423	3293717	172901	171604	0.0	693
FR878060.1	AL450380.1	83.421	760	111	7	3027378	3028134	1153671	1152924	0.0	691
FR878060.1	AL450380.1	75.410	1464	338	14	1690571	1692024	2177854	2176403	0.0	689
FR878060.1	AL450380.1	78.532	1076	212	16	2134251	2135320	2419571	2418509	0.0	689
FR878060.1	AL450380.1	77.740	1177	222	21	4257965	4259133	110178	109034	0.0	686
FR878060.1	AL450380.1	79.016	996	201	8	4286705	4287696	101895	100904	0.0	675
FR878060.1	AL450380.1	84.799	671	96	4	2444832	2445500	1047579	1046913	0.0	669
FR878060.1	AL450380.1	74.415	1708	368	44	566598	568260	2924470	2922787	0.0	669
FR878060.1	AL450380.1	72.660	2147	536	41	4077217	4079327	2713420	2715551	0.0	665
FR878060.1	AL450380.1	85.426	645	78	9	3125607	3126249	1882777	1883407	0.0	656
FR878060.1	AL450380.1	76.832	1187	258	12	2386685	2387867	1545556	1544383	0.0	652
FR878060.1	AL450380.1	81.305	797	149	0	2445584	2446380	1046781	1045985	0.0	647
FR878060.1	AL450380.1	78.615	982	206	4	1439195	1440174	1304111	1305090	0.0	647
FR878060.1	AL450380.1	79.890	905	165	15	557568	558462	2932927	2932030	0.0	647
FR878060.1	AL450380.1	78.721	1001	185	9	4046362	4047337	279074	280071	0.0	643
FR878060.1	AL450380.1	78.824	935	192	6	3311462	3312393	2020081	2021012	8.44e-176	625
FR878060.1	AL450380.1	81.266	774	144	1	767168	767940	2268959	2268186	8.44e-176	625
FR878060.1	AL450380.1	76.565	1182	249	22	2148445	2149603	2407271	2406095	3.04e-175	623
FR878060.1	AL450380.1	88.359	524	49	12	2956942	2957462	1602890	1602376	3.93e-174	619
FR878060.1	AL450380.1	81.664	769	119	15	1020778	1021526	2507764	2506998	3.93e-174	619
FR878060.1	AL450380.1	78.317	1010	182	17	3316943	3317917	2023094	2024101	1.41e-173	617
FR878060.1	AL450380.1	77.058	1081	236	11	3564342	3565417	965720	964647	6.57e-172	612
FR878060.1	AL450380.1	83.333	678	97	10	2488074	2488735	1971539	1972216	6.57e-172	612
FR878060.1	AL450380.1	78.918	906	181	8	2633803	2634703	764382	763482	3.06e-170	606
FR878060.1	AL450380.1	79.727	878	146	21	3008427	3009275	1175671	1174797	3.06e-170	606
FR878060.1	AL450380.1	81.856	722	127	4	1362238	1362957	1238386	1239105	1.10e-169	604
FR878060.1	AL450380.1	73.491	1773	397	56	907003	908743	2609839	2608108	3.95e-169	603
FR878060.1	AL450380.1	90.487	452	37	4	3446959	3447405	809425	808975	8.56e-166	592
FR878060.1	AL450380.1	80.076	788	150	7	1386605	1387389	1259205	1259988	6.66e-162	579
FR878060.1	AL450380.1	82.753	661	102	10	2727947	2728604	1764248	1764899	6.66e-162	579
FR878060.1	AL450380.1	78.886	862	173	9	2134249	2135105	122123	121266	8.62e-161	575
FR878060.1	AL450380.1	79.273	825	167	4	1406154	1406976	1279133	1279955	3.10e-160	573
FR878060.1	AL450380.1	88.211	492	42	12	919857	920343	2595059	2594579	3.10e-160	573
FR878060.1	AL450380.1	80.874	732	135	5	1929727	1930455	1628924	1629653	1.12e-159	571
FR878060.1	AL450380.1	78.315	890	189	3	3181366	3182253	1924848	1925735	1.12e-159	571
FR878060.1	AL450380.1	80.728	742	130	11	3269049	3269784	189243	188509	5.19e-158	566
FR878060.1	AL450380.1	90.300	433	38	4	4064142	4064572	265101	264671	1.87e-157	564
FR878060.1	AL450380.1	78.352	910	161	23	3410832	3411719	2133845	2134740	3.12e-155	556
FR878060.1	AL450380.1	77.672	945	189	17	963718	964646	2552956	2552018	3.12e-155	556
FR878060.1	AL450380.1	77.874	922	178	17	1193539	1194436	2871570	2870651	5.22e-153	549
FR878060.1	AL450380.1	88.403	457	50	2	1567118	1567571	656779	657235	1.88e-152	547
FR878060.1	AL450380.1	77.913	901	181	12	41059	41953	32816	33704	6.76e-152	545
FR878060.1	AL450380.1	81.333	675	120	6	3656477	3657149	860603	859933	2.43e-151	544
FR878060.1	AL450380.1	80.659	698	135	0	2103487	2104184	2447217	2446520	8.74e-151	542
FR878060.1	AL450380.1	76.365	1062	211	27	975232	976266	2542476	2541428	1.46e-148	534
FR878060.1	AL450380.1	77.958	862	184	5	622459	623317	2878242	2877384	1.46e-148	534
FR878060.1	AL450380.1	80.054	742	127	16	2469829	2470565	1024828	1024103	1.89e-147	531
FR878060.1	AL450380.1	76.799	931	208	7	1322227	1323153	1464232	1465158	5.30e-143	516
FR878060.1	AL450380.1	74.298	1389	272	56	803759	805089	2237451	2236090	8.87e-141	508
FR878060.1	AL450380.1	82.245	597	98	7	2714351	2714943	2433029	2433621	8.87e-141	508
FR878060.1	AL450380.1	84.646	508	78	0	4028865	4029372	299588	299081	3.19e-140	507
FR878060.1	AL450380.1	85.421	487	71	0	2124654	2125140	2429814	2429328	3.19e-140	507
FR878060.1	AL450380.1	81.392	618	107	8	4011667	4012280	2302787	2303400	1.92e-137	497
FR878060.1	AL450380.1	80.848	637	114	6	654423	655054	2706835	2707468	2.48e-136	494
FR878060.1	AL450380.1	78.189	784	159	8	976871	977651	2540730	2539956	3.21e-135	490
FR878060.1	AL450380.1	84.584	493	75	1	4043224	4043715	282045	281553	1.16e-134	488
FR878060.1	AL450380.1	85.115	477	71	0	61146	61622	3230991	3230515	1.16e-134	488
FR878060.1	AL450380.1	81.395	602	104	5	1591849	1592446	675552	676149	1.49e-133	484
FR878060.1	AL450380.1	81.664	589	100	5	4176678	4177259	2949390	2948803	5.37e-133	483
FR878060.1	AL450380.1	81.150	626	92	16	1134700	1135303	326377	326998	6.95e-132	479
FR878060.1	AL450380.1	73.608	1383	308	35	1299021	1300366	1802831	1801469	6.95e-132	479
FR878060.1	AL450380.1	80.788	609	110	6	24915	25520	28128	28732	4.18e-129	470
FR878060.1	AL450380.1	73.906	1303	278	40	1398746	1400005	1270944	1272227	5.41e-128	466
FR878060.1	AL450380.1	83.172	517	76	5	2418769	2419276	1071457	1070943	7.00e-127	462
FR878060.1	AL450380.1	84.685	444	68	0	3815224	3815667	480543	480100	2.54e-121	444
FR878060.1	AL450380.1	75.437	916	217	8	1111178	1112089	252769	253680	1.18e-119	438
FR878060.1	AL450380.1	78.947	665	123	15	2989400	2990048	1195656	1194993	4.24e-119	436
FR878060.1	AL450380.1	78.205	702	139	13	557628	558322	2933129	2933823	4.24e-119	436
FR878060.1	AL450380.1	77.778	729	144	17	4144552	4145273	2769234	2769951	5.49e-118	433
FR878060.1	AL450380.1	80.351	570	108	4	1130413	1130979	320674	321242	7.10e-117	429
FR878060.1	AL450380.1	86.528	386	48	4	58155	58538	3234507	3234124	1.19e-114	422
FR878060.1	AL450380.1	72.963	1424	302	62	3571361	3572732	958765	957373	4.27e-114	420
FR878060.1	AL450380.1	79.248	612	113	11	1011048	1011647	2514579	2513970	1.99e-112	414
FR878060.1	AL450380.1	75.400	874	201	12	1081997	1082859	231782	230912	2.57e-111	411
FR878060.1	AL450380.1	84.186	430	61	5	2902805	2903233	590485	590062	2.57e-111	411
FR878060.1	AL450380.1	79.928	558	110	2	1129729	1130285	319966	320522	9.25e-111	409
FR878060.1	AL450380.1	77.732	723	124	23	2300266	2300966	1732977	1733684	9.25e-111	409
FR878060.1	AL450380.1	80.292	548	98	7	2319767	2320309	1740916	1741458	1.20e-109	405
FR878060.1	AL450380.1	80.524	534	92	10	2195125	2195650	420491	421020	5.57e-108	399
FR878060.1	AL450380.1	76.711	760	152	16	1512827	1513583	1372503	1373240	5.57e-108	399
FR878060.1	AL450380.1	81.301	492	80	11	3818213	3818696	476297	475810	1.21e-104	388
FR878060.1	AL450380.1	77.934	639	120	13	4035850	4036469	505443	504807	7.25e-102	379
FR878060.1	AL450380.1	76.479	727	148	16	497035	497745	383594	382875	3.38e-100	374
FR878060.1	AL450380.1	78.709	573	111	10	1109399	1109963	250809	251378	1.21e-99	372
FR878060.1	AL450380.1	74.722	898	196	27	3757882	3758757	523115	522227	1.21e-99	372
FR878060.1	AL450380.1	82.028	434	74	4	3684984	3685415	836869	836438	5.65e-98	366
FR878060.1	AL450380.1	77.597	616	128	7	76323	76936	2129655	2130262	2.03e-97	364
FR878060.1	AL450380.1	76.772	663	140	12	4202504	4203159	157962	157307	9.45e-96	359
FR878060.1	AL450380.1	83.777	376	57	4	3070039	3070410	1013524	1013149	4.40e-94	353
FR878060.1	AL450380.1	81.406	441	71	9	1054001	1054435	213173	213608	5.69e-93	350
FR878060.1	AL450380.1	73.729	944	211	26	4043809	4044741	276733	277650	1.59e-88	335
FR878060.1	AL450380.1	82.025	395	69	2	2629674	2630066	978183	977789	1.59e-88	335
FR878060.1	AL450380.1	82.474	388	60	4	3684595	3684978	837333	836950	5.73e-88	333
FR878060.1	AL450380.1	73.176	1014	235	31	3279281	3280274	2821746	2822742	2.06e-87	331
FR878060.1	AL450380.1	76.324	642	137	15	661050	661683	2503998	2503364	7.41e-87	329
FR878060.1	AL450380.1	75.976	666	142	15	379228	379878	3000218	2999556	2.67e-86	327
FR878060.1	AL450380.1	76.846	596	125	10	596164	596752	2843219	2842630	3.45e-85	324
FR878060.1	AL450380.1	76.694	605	128	10	596155	596752	2849032	2849630	3.45e-85	324
FR878060.1	AL450380.1	74.387	816	178	24	105379	106178	2378462	2379262	4.46e-84	320
FR878060.1	AL450380.1	82.597	362	61	2	1779892	1780252	1437146	1437506	1.60e-83	318
FR878060.1	AL450380.1	72.881	1003	233	26	1244554	1245538	1119383	1120364	9.65e-81	309
FR878060.1	AL450380.1	86.415	265	34	2	3578087	3578350	952053	951790	1.26e-74	289
FR878060.1	AL450380.1	86.957	253	33	0	1201103	1201355	2865292	2865040	1.63e-73	285
FR878060.1	AL450380.1	73.582	776	190	8	2343789	2344554	1583369	1582599	5.85e-73	283
FR878060.1	AL450380.1	82.235	349	39	13	4194413	4194746	165223	164883	7.57e-72	279
FR878060.1	AL450380.1	82.353	323	53	4	2999295	2999615	1189893	1189573	2.72e-71	278
FR878060.1	AL450380.1	87.500	240	30	0	1295178	1295417	1803878	1803639	2.72e-71	278
FR878060.1	AL450380.1	73.310	858	184	34	2692758	2693595	741574	740742	3.52e-70	274
FR878060.1	AL450380.1	79.302	401	67	14	848054	848445	2659764	2659371	5.89e-68	267
FR878060.1	AL450380.1	75.671	559	119	13	1050178	1050723	209891	210445	7.62e-67	263
FR878060.1	AL450380.1	94.083	169	10	0	1391647	1391815	1263602	1263770	3.55e-65	257
FR878060.1	AL450380.1	71.057	1268	304	59	1878184	1879420	184563	183328	5.93e-63	250
FR878060.1	AL450380.1	85.417	240	35	0	1621139	1621378	699949	700188	5.93e-63	250
FR878060.1	AL450380.1	87.558	217	25	2	3310478	3310693	2018886	2019101	5.93e-63	250
FR878060.1	AL450380.1	73.352	728	169	18	386589	387308	2987407	2986697	7.68e-62	246
FR878060.1	AL450380.1	83.846	260	33	7	2154971	2155224	2401291	2401035	1.28e-59	239
FR878060.1	AL450380.1	72.119	972	210	42	3587761	3588706	931830	930894	4.62e-59	237
FR878060.1	AL450380.1	73.662	710	141	34	3326905	3327589	2032525	2033213	5.98e-58	233
FR878060.1	AL450380.1	79.762	336	53	8	10853	11188	12159	12479	7.73e-57	230
FR878060.1	AL450380.1	75.407	492	105	16	3076742	3077223	1214174	1214659	3.60e-55	224
FR878060.1	AL450380.1	80.986	284	52	2	1233235	1233517	2325984	2325702	3.60e-55	224
FR878060.1	AL450380.1	76.640	381	85	4	120026	120404	2375552	2375174	3.62e-50	207
FR878060.1	AL450380.1	88.000	175	19	2	3710576	3710749	819843	819670	1.30e-49	206
FR878060.1	AL450380.1	71.995	807	190	25	3634321	3635097	886651	885851	1.30e-49	206
FR878060.1	AL450380.1	90.506	158	12	3	2391273	2391428	1536105	1535949	1.30e-49	206
FR878060.1	AL450380.1	89.286	168	13	5	730298	730463	2293054	2292890	1.30e-49	206
FR878060.1	AL450380.1	77.353	340	71	6	3809366	3809702	485588	485252	7.84e-47	196
FR878060.1	AL450380.1	88.272	162	19	0	1232841	1233002	2326357	2326196	2.82e-46	195
FR878060.1	AL450380.1	75.000	444	98	9	905521	905960	2611471	2611037	1.01e-45	193
FR878060.1	AL450380.1	79.044	272	57	0	2903371	2903642	589914	589643	4.72e-44	187
FR878060.1	AL450380.1	91.304	138	9	3	3539880	3540016	780372	780237	1.70e-43	185
FR878060.1	AL450380.1	94.262	122	5	2	4102606	4102726	2736751	2736871	1.70e-43	185
FR878060.1	AL450380.1	90.071	141	11	2	25591	25728	28852	28992	7.90e-42	180
FR878060.1	AL450380.1	77.698	278	56	4	1246721	1246995	1122426	1122700	2.21e-37	165
FR878060.1	AL450380.1	96.907	97	3	0	2780953	2781049	1481541	1481445	7.95e-37	163
FR878060.1	AL450380.1	94.340	106	6	0	4144421	4144526	2769028	2769133	7.95e-37	163
FR878060.1	AL450380.1	96.939	98	2	1	382950	383047	2989428	2989332	7.95e-37	163
FR878060.1	AL450380.1	89.062	128	13	1	2605927	2606053	990917	990790	3.70e-35	158
FR878060.1	AL450380.1	79.435	248	20	16	1848624	1848857	1675416	1675646	8.01e-32	147
FR878060.1	AL450380.1	88.889	117	9	4	1021672	1021786	2506678	2506564	3.73e-30	141
FR878060.1	AL450380.1	100.000	75	0	0	1173792	1173866	344340	344414	1.34e-29	139
FR878060.1	AL450380.1	100.000	75	0	0	1938956	1939030	1638366	1638440	1.34e-29	139
FR878060.1	AL450380.1	92.784	97	6	1	3327593	3327689	2033267	2033362	1.34e-29	139
FR878060.1	AL450380.1	93.684	95	3	3	2568283	2568375	2135493	2135586	1.34e-29	139
FR878060.1	AL450380.1	69.991	1093	257	45	2580779	2581839	2148795	2149848	1.73e-28	135
FR878060.1	AL450380.1	98.649	74	1	0	1134472	1134545	326133	326206	2.24e-27	132
FR878060.1	AL450380.1	72.664	428	103	12	1721648	1722068	175154	174734	8.07e-27	130
FR878060.1	AL450380.1	89.888	89	9	0	3601772	3601860	920987	920899	2.26e-22	115
FR878060.1	AL450380.1	82.171	129	20	1	139838	139963	3196933	3196805	3.78e-20	108
FR878060.1	AL450380.1	95.312	64	3	0	3534432	3534495	780378	780315	1.76e-18	102
FR878060.1	AL450380.1	84.466	103	16	0	3650465	3650567	865701	865599	1.76e-18	102
FR878060.1	AL450380.1	91.667	72	5	1	1095476	1095546	242821	242892	2.27e-17	99.0
FR878060.1	AL450380.1	70.270	518	139	14	1527956	1528465	2118426	2118936	1.37e-14	89.8
FR878060.1	AL450380.1	93.220	59	2	2	1460483	1460540	1777871	1777814	1.77e-13	86.1
FR878060.1	AL450380.1	79.200	125	23	2	1284204	1284326	1814841	1814718	6.37e-13	84.2
FR878060.1	AL450380.1	97.826	46	1	0	2972533	2972578	1629703	1629748	8.24e-12	80.5
FR878060.1	AL450380.1	97.826	46	1	0	2972584	2972629	1629703	1629748	8.24e-12	80.5
FR878060.1	AL450380.1	97.826	46	1	0	2972635	2972680	1629703	1629748	8.24e-12	80.5
FR878060.1	AL450380.1	97.826	46	1	0	2972686	2972731	1629703	1629748	8.24e-12	80.5
FR878060.1	AL450380.1	82.474	97	10	7	1021658	1021751	1316284	1316376	2.96e-11	78.7
FR878060.1	AL450380.1	94.231	52	1	2	792855	792905	1777873	1777823	2.96e-11	78.7
FR878060.1	AL450380.1	93.878	49	3	0	3170164	3170212	1164321	1164273	3.83e-10	75.0
FR878060.1	AL450380.1	92.308	52	4	0	956623	956674	1915421	1915472	3.83e-10	75.0
FR878060.1	AL450380.1	95.556	45	2	0	956630	956674	1164313	1164269	1.38e-09	73.1
FR878060.1	AL450380.1	97.674	43	0	1	1647944	1647985	1194882	1194840	1.38e-09	73.1
FR878060.1	AL450380.1	97.674	43	0	1	1647891	1647932	1194882	1194840	1.38e-09	73.1
FR878060.1	AL450380.1	93.750	48	3	0	3170227	3170274	1629739	1629692	1.38e-09	73.1
FR878060.1	AL450380.1	93.750	48	3	0	3170174	3170221	1629739	1629692	1.38e-09	73.1
FR878060.1	AL450380.1	82.353	85	11	4	4217994	4218076	139275	139193	4.96e-09	71.3
FR878060.1	AL450380.1	95.455	44	2	0	3170278	3170321	1164313	1164270	4.96e-09	71.3
FR878060.1	AL450380.1	97.561	41	1	0	3170225	3170265	1164313	1164273	4.96e-09	71.3
FR878060.1	AL450380.1	97.561	41	1	0	2972531	2972571	1164273	1164313	4.96e-09	71.3
FR878060.1	AL450380.1	97.561	41	1	0	2972582	2972622	1164273	1164313	4.96e-09	71.3
FR878060.1	AL450380.1	97.561	41	1	0	2972633	2972673	1164273	1164313	4.96e-09	71.3
FR878060.1	AL450380.1	97.561	41	1	0	2972684	2972724	1164273	1164313	4.96e-09	71.3
FR878060.1	AL450380.1	97.561	41	1	0	956577	956617	1164313	1164273	4.96e-09	71.3
FR878060.1	AL450380.1	97.561	41	1	0	956524	956564	1164313	1164273	4.96e-09	71.3
FR878060.1	AL450380.1	97.561	41	1	0	956471	956511	1164313	1164273	4.96e-09	71.3
FR878060.1	AL450380.1	97.561	41	1	0	956418	956458	1164313	1164273	4.96e-09	71.3
FR878060.1	AL450380.1	97.561	41	1	0	956365	956405	1164313	1164273	4.96e-09	71.3
FR878060.1	AL450380.1	97.561	41	1	0	956312	956352	1164313	1164273	4.96e-09	71.3
FR878060.1	AL450380.1	95.455	44	2	0	3170224	3170267	1915427	1915470	4.96e-09	71.3
FR878060.1	AL450380.1	100.000	37	0	0	3170280	3170316	1629739	1629703	1.78e-08	69.4
FR878060.1	AL450380.1	100.000	37	0	0	956632	956668	1629739	1629703	1.78e-08	69.4
FR878060.1	AL450380.1	100.000	37	0	0	956579	956615	1629739	1629703	1.78e-08	69.4
FR878060.1	AL450380.1	100.000	37	0	0	956526	956562	1629739	1629703	1.78e-08	69.4
FR878060.1	AL450380.1	100.000	37	0	0	956473	956509	1629739	1629703	1.78e-08	69.4
FR878060.1	AL450380.1	100.000	37	0	0	956420	956456	1629739	1629703	1.78e-08	69.4
FR878060.1	AL450380.1	100.000	37	0	0	956367	956403	1629739	1629703	1.78e-08	69.4
FR878060.1	AL450380.1	100.000	37	0	0	956314	956350	1629739	1629703	1.78e-08	69.4
FR878060.1	AL450380.1	92.000	50	3	1	1628623	1628672	1777823	1777871	1.78e-08	69.4
FR878060.1	AL450380.1	91.837	49	4	0	956305	956353	1915421	1915469	1.78e-08	69.4
FR878060.1	AL450380.1	91.837	49	4	0	956358	956406	1915421	1915469	1.78e-08	69.4
FR878060.1	AL450380.1	91.837	49	4	0	956411	956459	1915421	1915469	1.78e-08	69.4
FR878060.1	AL450380.1	91.837	49	4	0	956464	956512	1915421	1915469	1.78e-08	69.4
FR878060.1	AL450380.1	91.837	49	4	0	956517	956565	1915421	1915469	1.78e-08	69.4
FR878060.1	AL450380.1	91.837	49	4	0	956570	956618	1915421	1915469	1.78e-08	69.4
FR878060.1	AL450380.1	95.349	43	2	0	2972683	2972725	1915469	1915427	1.78e-08	69.4
FR878060.1	AL450380.1	95.349	43	2	0	2972632	2972674	1915469	1915427	1.78e-08	69.4
FR878060.1	AL450380.1	95.349	43	2	0	2972581	2972623	1915469	1915427	1.78e-08	69.4
FR878060.1	AL450380.1	95.349	43	2	0	2972530	2972572	1915469	1915427	1.78e-08	69.4
FR878060.1	AL450380.1	85.075	67	9	1	3607141	3607206	1164326	1164260	6.41e-08	67.6
FR878060.1	AL450380.1	95.122	41	2	0	1930446	1930486	1915467	1915427	2.31e-07	65.8
FR878060.1	AL450380.1	93.182	44	3	0	1628623	1628666	2884050	2884093	2.31e-07	65.8
FR878060.1	AL450380.1	95.122	41	2	0	1937109	1937149	2884090	2884050	2.31e-07	65.8
FR878060.1	AL450380.1	89.796	49	5	0	2338104	2338152	1071459	1071507	8.30e-07	63.9
FR878060.1	AL450380.1	89.583	48	5	0	1628624	1628671	126654	126607	2.98e-06	62.1
FR878060.1	AL450380.1	91.111	45	4	0	2338165	2338209	1071463	1071507	2.98e-06	62.1
FR878060.1	AL450380.1	91.111	45	4	0	2338222	2338266	1071463	1071507	2.98e-06	62.1
FR878060.1	AL450380.1	91.111	45	4	0	2675162	2675206	1164269	1164313	2.98e-06	62.1
FR878060.1	AL450380.1	100.000	33	0	0	2759737	2759769	1258591	1258623	2.98e-06	62.1
FR878060.1	AL450380.1	89.583	48	4	1	1826616	1826663	1164313	1164267	1.07e-05	60.2
FR878060.1	AL450380.1	92.683	41	3	0	2675220	2675260	1164273	1164313	1.07e-05	60.2
FR878060.1	AL450380.1	90.909	44	4	0	792862	792905	2884093	2884050	1.07e-05	60.2
FR878060.1	AL450380.1	87.755	49	6	0	1455062	1455110	1071507	1071459	3.86e-05	58.4
FR878060.1	AL450380.1	97.059	34	1	0	2675274	2675307	1164273	1164306	3.86e-05	58.4
FR878060.1	AL450380.1	100.000	30	0	0	792866	792895	126616	126645	1.39e-04	56.5
FR878060.1	AL450380.1	100.000	30	0	0	799826	799855	126616	126645	1.39e-04	56.5
FR878060.1	AL450380.1	94.595	37	1	1	4022564	4022600	305945	305910	1.39e-04	56.5
FR878060.1	AL450380.1	92.308	39	3	0	1455005	1455043	1071507	1071469	1.39e-04	56.5
FR878060.1	AL450380.1	92.308	39	3	0	1454948	1454986	1071507	1071469	1.39e-04	56.5
FR878060.1	AL450380.1	92.308	39	3	0	1454891	1454929	1071507	1071469	1.39e-04	56.5
FR878060.1	AL450380.1	100.000	30	0	0	1234708	1234737	2324465	2324436	1.39e-04	56.5
FR878060.1	AL450380.1	94.444	36	2	0	2704527	2704562	2884058	2884093	1.39e-04	56.5
FR878060.1	AL450380.1	100.000	29	0	0	2704530	2704558	126644	126616	4.99e-04	54.7
FR878060.1	AL450380.1	100.000	29	0	0	4242372	4242400	372412	372440	4.99e-04	54.7
FR878060.1	AL450380.1	100.000	28	0	0	1460495	1460522	126618	126645	0.002	52.8
FR878060.1	AL450380.1	100.000	28	0	0	3553111	3553138	1071480	1071507	0.002	52.8
FR878060.1	AL450380.1	100.000	28	0	0	799828	799855	1777860	1777833	0.002	52.8
FR878060.1	AL450380.1	100.000	28	0	0	2137805	2137832	2222875	2222848	0.002	52.8
