AE016958.1	AE016958.1	100.000	4829781	0	0	1	4829781	1	4829781	0.0	8.919e+06
AE016958.1	AE016958.1	78.907	6699	1207	173	1544040	1550629	1540866	1547467	0.0	4353
AE016958.1	AE016958.1	78.907	6699	1207	174	1540866	1547467	1544040	1550629	0.0	4353
AE016958.1	AE016958.1	99.505	1819	3	5	3851959	3853773	361305	363121	0.0	3304
AE016958.1	AE016958.1	99.505	1819	3	5	361305	363121	3851959	3853773	0.0	3304
AE016958.1	AE016958.1	99.833	1798	2	1	3727633	3729430	361327	363123	0.0	3302
AE016958.1	AE016958.1	99.833	1798	2	1	361327	363123	3727633	3729430	0.0	3302
AE016958.1	AE016958.1	100.000	1786	0	0	3851980	3853765	3727634	3729419	0.0	3299
AE016958.1	AE016958.1	100.000	1786	0	0	3727634	3729419	3851980	3853765	0.0	3299
AE016958.1	AE016958.1	99.833	1795	2	1	3851982	3853775	2714212	2716006	0.0	3297
AE016958.1	AE016958.1	99.833	1795	2	1	2714212	2716006	3851982	3853775	0.0	3297
AE016958.1	AE016958.1	99.722	1798	5	0	2809727	2811524	363115	361318	0.0	3293
AE016958.1	AE016958.1	99.722	1799	3	2	361319	363115	2811525	2809727	0.0	3293
AE016958.1	AE016958.1	99.944	1785	1	0	2714212	2715996	361330	363114	0.0	3291
AE016958.1	AE016958.1	99.944	1785	1	0	361330	363114	2714212	2715996	0.0	3291
AE016958.1	AE016958.1	99.944	1785	1	0	2809728	2811512	2715996	2714212	0.0	3291
AE016958.1	AE016958.1	100.000	1782	0	0	2885031	2886812	2715993	2714212	0.0	3291
AE016958.1	AE016958.1	99.944	1785	1	0	2714212	2715996	2811512	2809728	0.0	3291
AE016958.1	AE016958.1	100.000	1782	0	0	2714212	2715993	2886812	2885031	0.0	3291
AE016958.1	AE016958.1	99.944	1784	1	0	3727636	3729419	2714212	2715995	0.0	3290
AE016958.1	AE016958.1	99.944	1784	1	0	2714212	2715995	3727636	3729419	0.0	3290
AE016958.1	AE016958.1	99.888	1786	2	0	2885031	2886816	363111	361326	0.0	3288
AE016958.1	AE016958.1	99.832	1789	3	0	3727635	3729423	2811513	2809725	0.0	3288
AE016958.1	AE016958.1	99.722	1796	4	1	3851971	3853766	2811522	2809728	0.0	3288
AE016958.1	AE016958.1	99.944	1783	1	0	2885031	2886813	2809731	2811513	0.0	3288
AE016958.1	AE016958.1	99.944	1783	1	0	3851981	3853763	2886813	2885031	0.0	3288
AE016958.1	AE016958.1	99.944	1783	1	0	3727635	3729417	2886813	2885031	0.0	3288
AE016958.1	AE016958.1	99.944	1783	1	0	2809731	2811513	2885031	2886813	0.0	3288
AE016958.1	AE016958.1	99.944	1783	1	0	361329	363111	2886813	2885031	0.0	3288
AE016958.1	AE016958.1	99.832	1789	3	0	2809725	2811513	3729423	3727635	0.0	3288
AE016958.1	AE016958.1	99.944	1783	1	0	2885031	2886813	3729417	3727635	0.0	3288
AE016958.1	AE016958.1	99.722	1796	4	1	2809728	2811522	3853766	3851971	0.0	3288
AE016958.1	AE016958.1	99.944	1783	1	0	2885031	2886813	3853763	3851981	0.0	3288
AE016958.1	AE016958.1	100.000	1510	0	0	2258072	2259581	850561	849052	0.0	2789
AE016958.1	AE016958.1	100.000	1510	0	0	849052	850561	2259581	2258072	0.0	2789
AE016958.1	AE016958.1	99.737	1521	3	1	1375723	1377243	850561	849042	0.0	2785
AE016958.1	AE016958.1	99.934	1512	0	1	2258071	2259581	1375722	1377233	0.0	2785
AE016958.1	AE016958.1	99.737	1521	3	1	849042	850561	1377243	1375723	0.0	2785
AE016958.1	AE016958.1	99.934	1512	0	1	1375722	1377233	2258071	2259581	0.0	2785
AE016958.1	AE016958.1	99.531	1493	5	2	2333836	2335328	1002483	1003973	0.0	2717
AE016958.1	AE016958.1	99.531	1493	5	2	1002483	1003973	2333836	2335328	0.0	2717
AE016958.1	AE016958.1	99.864	1472	1	1	1882151	1883621	39798	41269	0.0	2706
AE016958.1	AE016958.1	99.864	1472	1	1	39798	41269	1882151	1883621	0.0	2706
AE016958.1	AE016958.1	99.864	1469	2	0	4529230	4530698	39797	41265	0.0	2702
AE016958.1	AE016958.1	99.529	1486	3	4	1882138	1883620	1002475	1003959	0.0	2702
AE016958.1	AE016958.1	99.662	1479	3	2	2897832	2899309	1002479	1003956	0.0	2702
AE016958.1	AE016958.1	99.796	1473	1	2	2333842	2335313	1078045	1079516	0.0	2702
AE016958.1	AE016958.1	99.529	1486	3	4	1002475	1003959	1882138	1883620	0.0	2702
AE016958.1	AE016958.1	99.729	1476	2	2	2333835	2335310	1882144	1883617	0.0	2702
AE016958.1	AE016958.1	99.796	1473	1	2	2333843	2335313	2243313	2241841	0.0	2702
AE016958.1	AE016958.1	100.000	1463	0	0	2897848	2899310	2243306	2241844	0.0	2702
AE016958.1	AE016958.1	99.729	1476	2	2	1882144	1883617	2333835	2335310	0.0	2702
AE016958.1	AE016958.1	99.864	1470	0	2	2897841	2899309	2333841	2335309	0.0	2702
AE016958.1	AE016958.1	99.796	1473	1	2	1078045	1079516	2333842	2335313	0.0	2702
AE016958.1	AE016958.1	99.796	1473	1	2	2241841	2243313	2335313	2333843	0.0	2702
AE016958.1	AE016958.1	99.662	1479	3	2	1002479	1003956	2897832	2899309	0.0	2702
AE016958.1	AE016958.1	99.864	1470	0	2	2333841	2335309	2897841	2899309	0.0	2702
AE016958.1	AE016958.1	99.932	1466	1	0	2241844	2243309	2899310	2897845	0.0	2702
AE016958.1	AE016958.1	99.864	1469	2	0	39797	41265	4529230	4530698	0.0	2702
AE016958.1	AE016958.1	100.000	1462	0	0	2897850	2899311	162942	161481	0.0	2700
AE016958.1	AE016958.1	99.864	1468	2	0	3867281	3868748	1078046	1079513	0.0	2700
AE016958.1	AE016958.1	100.000	1462	0	0	161481	162942	2899311	2897850	0.0	2700
AE016958.1	AE016958.1	99.864	1468	2	0	1078046	1079513	3867281	3868748	0.0	2700
AE016958.1	AE016958.1	100.000	1461	0	0	2241844	2243304	161482	162942	0.0	2699
AE016958.1	AE016958.1	99.796	1471	2	1	1933777	1935246	1079512	1078042	0.0	2699
AE016958.1	AE016958.1	99.864	1468	1	1	1882150	1883616	1078045	1079512	0.0	2699
AE016958.1	AE016958.1	99.864	1468	1	1	1078045	1079512	1882150	1883616	0.0	2699
AE016958.1	AE016958.1	99.864	1468	1	1	2897842	2899309	1882150	1883616	0.0	2699
AE016958.1	AE016958.1	99.864	1468	1	1	1933776	1935243	1883617	1882151	0.0	2699
AE016958.1	AE016958.1	99.729	1474	3	1	1078042	1079515	1935246	1933774	0.0	2699
AE016958.1	AE016958.1	99.864	1468	1	1	1882151	1883617	1935243	1933776	0.0	2699
AE016958.1	AE016958.1	99.864	1468	1	1	2744985	2746451	1933777	1935244	0.0	2699
AE016958.1	AE016958.1	100.000	1461	0	0	161482	162942	2241844	2243304	0.0	2699
AE016958.1	AE016958.1	99.864	1468	1	1	1933777	1935244	2744985	2746451	0.0	2699
AE016958.1	AE016958.1	99.864	1468	1	1	1882150	1883616	2897842	2899309	0.0	2699
AE016958.1	AE016958.1	99.864	1467	2	0	4529231	4530697	2897843	2899309	0.0	2699
AE016958.1	AE016958.1	99.864	1467	2	0	2897843	2899309	4529231	4530697	0.0	2699
AE016958.1	AE016958.1	100.000	1460	0	0	1078053	1079512	39805	41264	0.0	2697
AE016958.1	AE016958.1	100.000	1460	0	0	3867288	3868747	39805	41264	0.0	2697
AE016958.1	AE016958.1	100.000	1460	0	0	2333851	2335310	39806	41265	0.0	2697
AE016958.1	AE016958.1	99.864	1467	1	1	1078054	1079519	162941	161475	0.0	2697
AE016958.1	AE016958.1	100.000	1460	0	0	2333850	2335309	162942	161483	0.0	2697
AE016958.1	AE016958.1	99.729	1474	1	3	2241841	2243313	1003961	1002490	0.0	2697
AE016958.1	AE016958.1	99.462	1487	3	5	2241841	2243326	1079516	1078034	0.0	2697
AE016958.1	AE016958.1	100.000	1460	0	0	39805	41264	1078053	1079512	0.0	2697
AE016958.1	AE016958.1	99.864	1467	1	1	161475	162941	1079519	1078054	0.0	2697
AE016958.1	AE016958.1	99.864	1467	1	1	3867281	3868747	1882151	1883616	0.0	2697
AE016958.1	AE016958.1	99.932	1463	1	0	2241845	2243307	1883616	1882154	0.0	2697
AE016958.1	AE016958.1	100.000	1460	0	0	4529239	4530698	1882158	1883617	0.0	2697
AE016958.1	AE016958.1	99.661	1476	3	1	2241842	2243317	1933774	1935247	0.0	2697
AE016958.1	AE016958.1	99.661	1477	2	3	1078042	1079516	2243316	2241841	0.0	2697
AE016958.1	AE016958.1	99.729	1474	1	3	1002490	1003961	2243313	2241841	0.0	2697
AE016958.1	AE016958.1	99.661	1476	3	1	1933774	1935247	2241842	2243317	0.0	2697
AE016958.1	AE016958.1	99.728	1473	2	2	2448178	2449648	2241844	2243316	0.0	2697
AE016958.1	AE016958.1	99.932	1463	1	0	1882154	1883616	2243307	2241845	0.0	2697
AE016958.1	AE016958.1	100.000	1460	0	0	161483	162942	2335309	2333850	0.0	2697
AE016958.1	AE016958.1	100.000	1460	0	0	39806	41265	2333851	2335310	0.0	2697
AE016958.1	AE016958.1	100.000	1460	0	0	4529239	4530698	2333851	2335310	0.0	2697
AE016958.1	AE016958.1	99.728	1473	2	2	2241844	2243316	2448178	2449648	0.0	2697
AE016958.1	AE016958.1	99.864	1467	1	1	1882151	1883616	3867281	3868747	0.0	2697
AE016958.1	AE016958.1	100.000	1460	0	0	39805	41264	3867288	3868747	0.0	2697
AE016958.1	AE016958.1	100.000	1460	0	0	1882158	1883617	4529239	4530698	0.0	2697
AE016958.1	AE016958.1	100.000	1460	0	0	2333851	2335310	4529239	4530698	0.0	2697
AE016958.1	AE016958.1	99.796	1468	3	0	1933776	1935243	41265	39798	0.0	2695
AE016958.1	AE016958.1	99.796	1469	1	2	2241845	2243313	41264	39798	0.0	2695
AE016958.1	AE016958.1	100.000	1459	0	0	2897851	2899309	39806	41264	0.0	2695
AE016958.1	AE016958.1	100.000	1459	0	0	161483	162941	41264	39806	0.0	2695
AE016958.1	AE016958.1	100.000	1459	0	0	4529239	4530697	162941	161483	0.0	2695
AE016958.1	AE016958.1	100.000	1459	0	0	3867289	3868747	162941	161483	0.0	2695
AE016958.1	AE016958.1	100.000	1459	0	0	1882158	1883616	162941	161483	0.0	2695
AE016958.1	AE016958.1	100.000	1459	0	0	39806	41264	162941	161483	0.0	2695
AE016958.1	AE016958.1	99.796	1469	1	2	1078045	1079512	1002489	1003956	0.0	2695
AE016958.1	AE016958.1	100.000	1459	0	0	2744985	2746443	1003956	1002498	0.0	2695
AE016958.1	AE016958.1	100.000	1459	0	0	1933777	1935235	1003956	1002498	0.0	2695
AE016958.1	AE016958.1	99.728	1472	3	1	2897839	2899309	1078041	1079512	0.0	2695
AE016958.1	AE016958.1	99.796	1469	1	2	1002489	1003956	1078045	1079512	0.0	2695
AE016958.1	AE016958.1	100.000	1459	0	0	4529239	4530697	1078054	1079512	0.0	2695
AE016958.1	AE016958.1	100.000	1459	0	0	1955267	1956725	1079513	1078055	0.0	2695
AE016958.1	AE016958.1	100.000	1459	0	0	161483	162941	1883616	1882158	0.0	2695
AE016958.1	AE016958.1	99.932	1462	1	0	2333851	2335312	1935235	1933774	0.0	2695
AE016958.1	AE016958.1	99.932	1462	1	0	39804	41265	1935237	1933776	0.0	2695
AE016958.1	AE016958.1	100.000	1459	0	0	1002498	1003956	1935235	1933777	0.0	2695
AE016958.1	AE016958.1	100.000	1459	0	0	2744984	2746442	1948233	1946775	0.0	2695
AE016958.1	AE016958.1	99.796	1469	2	1	3867281	3868748	1956735	1955267	0.0	2695
AE016958.1	AE016958.1	100.000	1459	0	0	1078055	1079513	1956725	1955267	0.0	2695
AE016958.1	AE016958.1	100.000	1459	0	0	4529239	4530697	2243303	2241845	0.0	2695
AE016958.1	AE016958.1	100.000	1459	0	0	3867289	3868747	2243303	2241845	0.0	2695
AE016958.1	AE016958.1	100.000	1459	0	0	39806	41264	2243303	2241845	0.0	2695
AE016958.1	AE016958.1	99.932	1462	1	0	1933774	1935235	2335312	2333851	0.0	2695
AE016958.1	AE016958.1	100.000	1459	0	0	3867289	3868747	2333851	2335309	0.0	2695
AE016958.1	AE016958.1	99.661	1475	4	1	2744984	2746457	2448178	2449652	0.0	2695
AE016958.1	AE016958.1	99.796	1469	1	2	2897843	2899310	2449645	2448178	0.0	2695
AE016958.1	AE016958.1	99.661	1475	4	1	2448178	2449652	2744984	2746457	0.0	2695
AE016958.1	AE016958.1	100.000	1459	0	0	1946775	1948233	2746442	2744984	0.0	2695
AE016958.1	AE016958.1	100.000	1459	0	0	1002498	1003956	2746443	2744985	0.0	2695
AE016958.1	AE016958.1	99.728	1472	3	1	1078041	1079512	2897839	2899309	0.0	2695
AE016958.1	AE016958.1	99.728	1472	2	2	2448178	2449648	2899310	2897840	0.0	2695
AE016958.1	AE016958.1	100.000	1459	0	0	39806	41264	2897851	2899309	0.0	2695
AE016958.1	AE016958.1	100.000	1459	0	0	3867289	3868747	2897851	2899309	0.0	2695
AE016958.1	AE016958.1	99.796	1469	1	2	4529230	4530697	3867280	3868747	0.0	2695
AE016958.1	AE016958.1	99.796	1469	2	1	1955267	1956735	3868748	3867281	0.0	2695
AE016958.1	AE016958.1	99.796	1469	1	2	2241845	2243313	3868747	3867281	0.0	2695
AE016958.1	AE016958.1	100.000	1459	0	0	2333851	2335309	3867289	3868747	0.0	2695
AE016958.1	AE016958.1	100.000	1459	0	0	2897851	2899309	3867289	3868747	0.0	2695
AE016958.1	AE016958.1	100.000	1459	0	0	161483	162941	3868747	3867289	0.0	2695
AE016958.1	AE016958.1	99.796	1469	1	2	3867280	3868747	4529230	4530697	0.0	2695
AE016958.1	AE016958.1	100.000	1459	0	0	1078054	1079512	4529239	4530697	0.0	2695
AE016958.1	AE016958.1	100.000	1459	0	0	2241845	2243303	4530697	4529239	0.0	2695
AE016958.1	AE016958.1	100.000	1459	0	0	161483	162941	4530697	4529239	0.0	2695
AE016958.1	AE016958.1	99.863	1464	2	0	2448182	2449645	41261	39798	0.0	2693
AE016958.1	AE016958.1	99.932	1462	0	1	1955268	1956728	41264	39803	0.0	2693
AE016958.1	AE016958.1	100.000	1458	0	0	1955268	1956725	161483	162940	0.0	2693
AE016958.1	AE016958.1	99.796	1468	2	1	3867289	3868756	1002498	1003964	0.0	2693
AE016958.1	AE016958.1	100.000	1458	0	0	1946775	1948232	1002499	1003956	0.0	2693
AE016958.1	AE016958.1	99.796	1468	2	1	2448182	2449648	1079509	1078042	0.0	2693
AE016958.1	AE016958.1	99.932	1461	1	0	2744985	2746445	1079512	1078052	0.0	2693
AE016958.1	AE016958.1	100.000	1458	0	0	1955268	1956725	1883616	1882159	0.0	2693
AE016958.1	AE016958.1	99.728	1471	3	1	1946763	1948232	1935247	1933777	0.0	2693
AE016958.1	AE016958.1	99.796	1467	3	0	3867281	3868747	1935243	1933777	0.0	2693
AE016958.1	AE016958.1	99.796	1467	3	0	2897843	2899309	1935243	1933777	0.0	2693
AE016958.1	AE016958.1	99.728	1471	3	1	1933777	1935247	1948232	1946763	0.0	2693
AE016958.1	AE016958.1	100.000	1458	0	0	1002499	1003956	1946775	1948232	0.0	2693
AE016958.1	AE016958.1	99.932	1462	0	1	39803	41264	1956728	1955268	0.0	2693
AE016958.1	AE016958.1	100.000	1458	0	0	161483	162940	1955268	1956725	0.0	2693
AE016958.1	AE016958.1	100.000	1458	0	0	4529240	4530697	1956725	1955268	0.0	2693
AE016958.1	AE016958.1	100.000	1458	0	0	2897852	2899309	1956725	1955268	0.0	2693
AE016958.1	AE016958.1	100.000	1458	0	0	2241845	2243302	1955268	1956725	0.0	2693
AE016958.1	AE016958.1	100.000	1458	0	0	2333852	2335309	1956725	1955268	0.0	2693
AE016958.1	AE016958.1	100.000	1458	0	0	1882159	1883616	1956725	1955268	0.0	2693
AE016958.1	AE016958.1	99.932	1461	1	0	2744983	2746443	2241843	2243303	0.0	2693
AE016958.1	AE016958.1	100.000	1458	0	0	1955268	1956725	2241845	2243302	0.0	2693
AE016958.1	AE016958.1	99.863	1464	2	0	2448182	2449645	2335306	2333843	0.0	2693
AE016958.1	AE016958.1	100.000	1458	0	0	1955268	1956725	2335309	2333852	0.0	2693
AE016958.1	AE016958.1	99.728	1471	2	2	3867288	3868758	2449638	2448170	0.0	2693
AE016958.1	AE016958.1	99.728	1471	3	1	1078042	1079512	2449648	2448179	0.0	2693
AE016958.1	AE016958.1	99.796	1467	3	0	2333843	2335309	2449645	2448179	0.0	2693
AE016958.1	AE016958.1	99.796	1467	3	0	39798	41264	2449645	2448179	0.0	2693
AE016958.1	AE016958.1	99.932	1461	1	0	2241843	2243303	2744983	2746443	0.0	2693
AE016958.1	AE016958.1	99.796	1468	2	1	2897843	2899310	2746450	2744984	0.0	2693
AE016958.1	AE016958.1	99.932	1461	1	0	1078052	1079512	2746445	2744985	0.0	2693
AE016958.1	AE016958.1	99.728	1470	4	0	1933777	1935246	2899309	2897840	0.0	2693
AE016958.1	AE016958.1	99.796	1468	2	1	2744984	2746450	2899310	2897843	0.0	2693
AE016958.1	AE016958.1	100.000	1458	0	0	1955268	1956725	2899309	2897852	0.0	2693
AE016958.1	AE016958.1	99.796	1467	3	0	1933777	1935243	3868747	3867281	0.0	2693
AE016958.1	AE016958.1	99.728	1471	2	2	2448170	2449638	3868758	3867288	0.0	2693
AE016958.1	AE016958.1	99.796	1468	2	1	1002498	1003964	3867289	3868756	0.0	2693
AE016958.1	AE016958.1	100.000	1458	0	0	1955268	1956725	4530697	4529240	0.0	2693
AE016958.1	AE016958.1	99.796	1467	2	1	2744985	2746450	41264	39798	0.0	2691
AE016958.1	AE016958.1	99.593	1476	4	1	2448162	2449637	161468	162941	0.0	2691
AE016958.1	AE016958.1	99.932	1460	1	0	2744984	2746443	161482	162941	0.0	2691
AE016958.1	AE016958.1	99.932	1460	1	0	1002497	1003956	162942	161483	0.0	2691
AE016958.1	AE016958.1	99.932	1460	1	0	161483	162942	1003956	1002497	0.0	2691
AE016958.1	AE016958.1	99.795	1466	3	0	2744985	2746450	1883616	1882151	0.0	2691
AE016958.1	AE016958.1	99.863	1464	1	1	2448182	2449645	1883613	1882151	0.0	2691
AE016958.1	AE016958.1	99.932	1460	1	0	4529239	4530698	1935235	1933776	0.0	2691
AE016958.1	AE016958.1	99.863	1464	1	1	2241839	2243302	1948237	1946775	0.0	2691
AE016958.1	AE016958.1	99.863	1464	1	1	1946775	1948237	2243302	2241839	0.0	2691
AE016958.1	AE016958.1	99.593	1476	4	1	161468	162941	2448162	2449637	0.0	2691
AE016958.1	AE016958.1	99.796	1467	2	1	1882151	1883616	2449645	2448179	0.0	2691
AE016958.1	AE016958.1	99.932	1460	1	0	161482	162941	2744984	2746443	0.0	2691
AE016958.1	AE016958.1	99.796	1467	2	1	39798	41264	2746450	2744985	0.0	2691
AE016958.1	AE016958.1	99.932	1460	1	0	3867288	3868747	2746444	2744985	0.0	2691
AE016958.1	AE016958.1	99.932	1460	1	0	1882157	1883616	2746444	2744985	0.0	2691
AE016958.1	AE016958.1	99.932	1460	1	0	2744985	2746444	3868747	3867288	0.0	2691
AE016958.1	AE016958.1	99.932	1460	1	0	1933776	1935235	4530698	4529239	0.0	2691
AE016958.1	AE016958.1	99.931	1459	1	0	1002498	1003956	39806	41264	0.0	2689
AE016958.1	AE016958.1	99.931	1459	1	0	1946775	1948233	162940	161482	0.0	2689
AE016958.1	AE016958.1	99.931	1459	1	0	1933777	1935235	161483	162941	0.0	2689
AE016958.1	AE016958.1	99.863	1462	2	0	2448184	2449645	1003951	1002490	0.0	2689
AE016958.1	AE016958.1	99.931	1459	1	0	39806	41264	1002498	1003956	0.0	2689
AE016958.1	AE016958.1	99.931	1459	1	0	4529239	4530697	1002498	1003956	0.0	2689
AE016958.1	AE016958.1	99.931	1459	1	0	161483	162941	1933777	1935235	0.0	2689
AE016958.1	AE016958.1	99.795	1465	3	0	2448184	2449648	1933782	1935246	0.0	2689
AE016958.1	AE016958.1	99.931	1459	1	0	2897852	2899310	1946775	1948233	0.0	2689
AE016958.1	AE016958.1	99.931	1459	1	0	161482	162940	1948233	1946775	0.0	2689
AE016958.1	AE016958.1	99.931	1459	1	0	2744985	2746443	2335309	2333851	0.0	2689
AE016958.1	AE016958.1	99.863	1462	2	0	4529239	4530700	2449637	2448176	0.0	2689
AE016958.1	AE016958.1	99.795	1465	3	0	1933782	1935246	2448184	2449648	0.0	2689
AE016958.1	AE016958.1	99.863	1462	2	0	1002490	1003951	2449645	2448184	0.0	2689
AE016958.1	AE016958.1	99.931	1459	1	0	4529239	4530697	2746443	2744985	0.0	2689
AE016958.1	AE016958.1	99.931	1459	1	0	2333851	2335309	2746443	2744985	0.0	2689
AE016958.1	AE016958.1	99.931	1459	1	0	1946775	1948233	2897852	2899310	0.0	2689
AE016958.1	AE016958.1	99.931	1459	1	0	1002498	1003956	4529239	4530697	0.0	2689
AE016958.1	AE016958.1	99.931	1459	1	0	2744985	2746443	4530697	4529239	0.0	2689
AE016958.1	AE016958.1	100.000	1456	0	0	2448182	2449637	4530694	4529239	0.0	2689
AE016958.1	AE016958.1	99.931	1458	1	0	1946775	1948232	39807	41264	0.0	2687
AE016958.1	AE016958.1	99.931	1458	1	0	1955268	1956725	1003956	1002499	0.0	2687
AE016958.1	AE016958.1	99.931	1458	1	0	1946775	1948232	1078055	1079512	0.0	2687
AE016958.1	AE016958.1	99.931	1458	1	0	1946775	1948232	1882159	1883616	0.0	2687
AE016958.1	AE016958.1	99.931	1458	1	0	1955268	1956725	1933777	1935234	0.0	2687
AE016958.1	AE016958.1	99.863	1462	1	1	3867290	3868751	1946775	1948235	0.0	2687
AE016958.1	AE016958.1	99.931	1458	1	0	39807	41264	1946775	1948232	0.0	2687
AE016958.1	AE016958.1	99.931	1458	1	0	1078055	1079512	1946775	1948232	0.0	2687
AE016958.1	AE016958.1	99.931	1458	1	0	1882159	1883616	1946775	1948232	0.0	2687
AE016958.1	AE016958.1	99.931	1458	1	0	2333852	2335309	1946775	1948232	0.0	2687
AE016958.1	AE016958.1	99.931	1458	1	0	1955268	1956725	1948232	1946775	0.0	2687
AE016958.1	AE016958.1	99.931	1458	1	0	4529240	4530697	1946775	1948232	0.0	2687
AE016958.1	AE016958.1	99.931	1458	1	0	1933777	1935234	1955268	1956725	0.0	2687
AE016958.1	AE016958.1	99.931	1458	1	0	2448179	2449636	1955268	1956725	0.0	2687
AE016958.1	AE016958.1	99.931	1458	1	0	2744985	2746442	1955268	1956725	0.0	2687
AE016958.1	AE016958.1	99.931	1458	1	0	1946775	1948232	1956725	1955268	0.0	2687
AE016958.1	AE016958.1	99.931	1458	1	0	1002499	1003956	1956725	1955268	0.0	2687
AE016958.1	AE016958.1	99.931	1458	1	0	1946775	1948232	2333852	2335309	0.0	2687
AE016958.1	AE016958.1	99.931	1458	1	0	1955268	1956725	2448179	2449636	0.0	2687
AE016958.1	AE016958.1	99.931	1458	1	0	1955268	1956725	2744985	2746442	0.0	2687
AE016958.1	AE016958.1	99.863	1462	1	1	1946775	1948235	3867290	3868751	0.0	2687
AE016958.1	AE016958.1	99.931	1458	1	0	1946775	1948232	4529240	4530697	0.0	2687
AE016958.1	AE016958.1	99.863	1460	2	0	2448177	2449636	1948234	1946775	0.0	2686
AE016958.1	AE016958.1	99.863	1460	2	0	1946775	1948234	2449636	2448177	0.0	2686
AE016958.1	AE016958.1	96.317	1629	50	7	1970594	1972216	1964492	1966116	0.0	2667
AE016958.1	AE016958.1	96.321	1631	46	11	1964492	1966116	1970594	1972216	0.0	2667
AE016958.1	AE016958.1	100.000	1418	0	0	1205476	1206893	32576	33993	0.0	2619
AE016958.1	AE016958.1	100.000	1418	0	0	32576	33993	1205476	1206893	0.0	2619
AE016958.1	AE016958.1	100.000	1418	0	0	2541305	2542722	2381169	2382586	0.0	2619
AE016958.1	AE016958.1	100.000	1418	0	0	2381169	2382586	2541305	2542722	0.0	2619
AE016958.1	AE016958.1	100.000	1417	0	0	2541306	2542722	33993	32577	0.0	2617
AE016958.1	AE016958.1	100.000	1417	0	0	2381170	2382586	33993	32577	0.0	2617
AE016958.1	AE016958.1	100.000	1417	0	0	4197079	4198495	112175	110759	0.0	2617
AE016958.1	AE016958.1	100.000	1417	0	0	871341	872757	112175	110759	0.0	2617
AE016958.1	AE016958.1	100.000	1417	0	0	4197079	4198495	871341	872757	0.0	2617
AE016958.1	AE016958.1	100.000	1417	0	0	110759	112175	872757	871341	0.0	2617
AE016958.1	AE016958.1	100.000	1417	0	0	2541306	2542722	1206893	1205477	0.0	2617
AE016958.1	AE016958.1	100.000	1417	0	0	2381170	2382586	1206893	1205477	0.0	2617
AE016958.1	AE016958.1	100.000	1417	0	0	2388799	2390215	2243259	2241843	0.0	2617
AE016958.1	AE016958.1	99.930	1420	1	0	1205477	1206896	2382586	2381167	0.0	2617
AE016958.1	AE016958.1	100.000	1417	0	0	32577	33993	2382586	2381170	0.0	2617
AE016958.1	AE016958.1	100.000	1417	0	0	2241843	2243259	2390215	2388799	0.0	2617
AE016958.1	AE016958.1	100.000	1417	0	0	1205477	1206893	2542722	2541306	0.0	2617
AE016958.1	AE016958.1	100.000	1417	0	0	32577	33993	2542722	2541306	0.0	2617
AE016958.1	AE016958.1	100.000	1417	0	0	871341	872757	4197079	4198495	0.0	2617
AE016958.1	AE016958.1	100.000	1417	0	0	110759	112175	4198495	4197079	0.0	2617
AE016958.1	AE016958.1	99.930	1419	1	0	871341	872759	32577	33995	0.0	2615
AE016958.1	AE016958.1	99.859	1423	1	1	2388799	2390221	162897	161476	0.0	2615
AE016958.1	AE016958.1	99.930	1419	1	0	32577	33995	871341	872759	0.0	2615
AE016958.1	AE016958.1	99.859	1423	1	1	161476	162897	2390221	2388799	0.0	2615
AE016958.1	AE016958.1	100.000	1416	0	0	2897895	2899310	2388799	2390214	0.0	2615
AE016958.1	AE016958.1	100.000	1416	0	0	2388799	2390214	2897895	2899310	0.0	2615
AE016958.1	AE016958.1	99.929	1418	1	0	110759	112176	33993	32576	0.0	2614
AE016958.1	AE016958.1	100.000	1415	0	0	2388799	2390213	39850	41264	0.0	2614
AE016958.1	AE016958.1	99.929	1418	1	0	1205476	1206893	112176	110759	0.0	2614
AE016958.1	AE016958.1	99.929	1418	1	0	32576	33993	112176	110759	0.0	2614
AE016958.1	AE016958.1	99.929	1418	1	0	2381170	2382587	872757	871340	0.0	2614
AE016958.1	AE016958.1	100.000	1415	0	0	2388799	2390213	1078098	1079512	0.0	2614
AE016958.1	AE016958.1	99.929	1418	1	0	110759	112176	1206893	1205476	0.0	2614
AE016958.1	AE016958.1	99.929	1418	1	0	4197079	4198496	1205477	1206894	0.0	2614
AE016958.1	AE016958.1	100.000	1415	0	0	2388799	2390213	1882202	1883616	0.0	2614
AE016958.1	AE016958.1	100.000	1415	0	0	2388799	2390213	1956682	1955268	0.0	2614
AE016958.1	AE016958.1	100.000	1415	0	0	2388799	2390213	2333895	2335309	0.0	2614
AE016958.1	AE016958.1	99.929	1418	1	0	871340	872757	2382587	2381170	0.0	2614
AE016958.1	AE016958.1	99.859	1421	2	0	2744979	2746399	2390219	2388799	0.0	2614
AE016958.1	AE016958.1	100.000	1415	0	0	39850	41264	2388799	2390213	0.0	2614
AE016958.1	AE016958.1	100.000	1415	0	0	1078098	1079512	2388799	2390213	0.0	2614
AE016958.1	AE016958.1	100.000	1415	0	0	1882202	1883616	2388799	2390213	0.0	2614
AE016958.1	AE016958.1	100.000	1415	0	0	2333895	2335309	2388799	2390213	0.0	2614
AE016958.1	AE016958.1	100.000	1415	0	0	1955268	1956682	2390213	2388799	0.0	2614
AE016958.1	AE016958.1	100.000	1415	0	0	3867333	3868747	2388799	2390213	0.0	2614
AE016958.1	AE016958.1	100.000	1415	0	0	4529283	4530697	2388799	2390213	0.0	2614
AE016958.1	AE016958.1	99.859	1421	2	0	2388799	2390219	2746399	2744979	0.0	2614
AE016958.1	AE016958.1	100.000	1415	0	0	2388799	2390213	3867333	3868747	0.0	2614
AE016958.1	AE016958.1	99.929	1418	1	0	1205477	1206894	4197079	4198496	0.0	2614
AE016958.1	AE016958.1	100.000	1415	0	0	2388799	2390213	4529283	4530697	0.0	2614
AE016958.1	AE016958.1	99.929	1417	1	0	4197079	4198495	32577	33993	0.0	2612
AE016958.1	AE016958.1	99.929	1417	1	0	2381170	2382586	110759	112175	0.0	2612
AE016958.1	AE016958.1	99.929	1417	1	0	2541306	2542722	110759	112175	0.0	2612
AE016958.1	AE016958.1	99.859	1420	2	0	1205474	1206893	871338	872757	0.0	2612
AE016958.1	AE016958.1	99.929	1417	1	0	2541306	2542722	872757	871341	0.0	2612
AE016958.1	AE016958.1	99.859	1420	2	0	871338	872757	1205474	1206893	0.0	2612
AE016958.1	AE016958.1	99.929	1417	1	0	110759	112175	2381170	2382586	0.0	2612
AE016958.1	AE016958.1	99.929	1417	1	0	4197079	4198495	2382586	2381170	0.0	2612
AE016958.1	AE016958.1	99.929	1417	1	0	110759	112175	2541306	2542722	0.0	2612
AE016958.1	AE016958.1	99.929	1417	1	0	4197079	4198495	2542722	2541306	0.0	2612
AE016958.1	AE016958.1	99.929	1417	1	0	871341	872757	2542722	2541306	0.0	2612
AE016958.1	AE016958.1	99.929	1417	1	0	32577	33993	4197079	4198495	0.0	2612
AE016958.1	AE016958.1	99.929	1417	1	0	2541306	2542722	4198495	4197079	0.0	2612
AE016958.1	AE016958.1	99.929	1417	1	0	2381170	2382586	4198495	4197079	0.0	2612
AE016958.1	AE016958.1	99.929	1416	1	0	2388799	2390214	1946818	1948233	0.0	2610
AE016958.1	AE016958.1	99.929	1416	1	0	1946818	1948233	2388799	2390214	0.0	2610
AE016958.1	AE016958.1	99.929	1416	1	0	2448178	2449593	2390214	2388799	0.0	2610
AE016958.1	AE016958.1	99.929	1416	1	0	2388799	2390214	2449593	2448178	0.0	2610
AE016958.1	AE016958.1	99.929	1415	1	0	2388799	2390213	1002542	1003956	0.0	2608
AE016958.1	AE016958.1	99.929	1415	1	0	2388799	2390213	1935191	1933777	0.0	2608
AE016958.1	AE016958.1	99.929	1415	1	0	1002542	1003956	2388799	2390213	0.0	2608
AE016958.1	AE016958.1	99.929	1415	1	0	1933777	1935191	2390213	2388799	0.0	2608
AE016958.1	AE016958.1	100.000	1394	0	0	4747597	4748990	3867359	3868752	0.0	2575
AE016958.1	AE016958.1	100.000	1394	0	0	3867359	3868752	4747597	4748990	0.0	2575
AE016958.1	AE016958.1	100.000	1390	0	0	4747597	4748986	1078124	1079513	0.0	2567
AE016958.1	AE016958.1	100.000	1390	0	0	4747597	4748986	1956656	1955267	0.0	2567
AE016958.1	AE016958.1	100.000	1390	0	0	1078124	1079513	4747597	4748986	0.0	2567
AE016958.1	AE016958.1	100.000	1390	0	0	1955267	1956656	4748986	4747597	0.0	2567
AE016958.1	AE016958.1	100.000	1389	0	0	4747597	4748985	39876	41264	0.0	2566
AE016958.1	AE016958.1	100.000	1389	0	0	4747597	4748985	162871	161483	0.0	2566
AE016958.1	AE016958.1	100.000	1389	0	0	4747597	4748985	1882228	1883616	0.0	2566
AE016958.1	AE016958.1	100.000	1389	0	0	4747597	4748985	2243233	2241845	0.0	2566
AE016958.1	AE016958.1	100.000	1389	0	0	4747597	4748985	2333921	2335309	0.0	2566
AE016958.1	AE016958.1	100.000	1389	0	0	4747597	4748985	2388825	2390213	0.0	2566
AE016958.1	AE016958.1	100.000	1389	0	0	4747597	4748985	2897921	2899309	0.0	2566
AE016958.1	AE016958.1	100.000	1389	0	0	4747597	4748985	4529309	4530697	0.0	2566
AE016958.1	AE016958.1	100.000	1389	0	0	39876	41264	4747597	4748985	0.0	2566
AE016958.1	AE016958.1	100.000	1389	0	0	1882228	1883616	4747597	4748985	0.0	2566
AE016958.1	AE016958.1	100.000	1389	0	0	2333921	2335309	4747597	4748985	0.0	2566
AE016958.1	AE016958.1	100.000	1389	0	0	2388825	2390213	4747597	4748985	0.0	2566
AE016958.1	AE016958.1	100.000	1389	0	0	2241845	2243233	4748985	4747597	0.0	2566
AE016958.1	AE016958.1	100.000	1389	0	0	2897921	2899309	4747597	4748985	0.0	2566
AE016958.1	AE016958.1	100.000	1389	0	0	4529309	4530697	4747597	4748985	0.0	2566
AE016958.1	AE016958.1	100.000	1389	0	0	161483	162871	4748985	4747597	0.0	2566
AE016958.1	AE016958.1	99.928	1389	1	0	4747597	4748985	1002568	1003956	0.0	2560
AE016958.1	AE016958.1	99.928	1389	1	0	4747597	4748985	1935165	1933777	0.0	2560
AE016958.1	AE016958.1	99.856	1393	1	1	4747597	4748989	1946844	1948235	0.0	2560
AE016958.1	AE016958.1	99.928	1389	1	0	4747597	4748985	2449567	2448179	0.0	2560
AE016958.1	AE016958.1	99.928	1389	1	0	4747597	4748985	2746373	2744985	0.0	2560
AE016958.1	AE016958.1	99.856	1393	1	1	1946844	1948235	4747597	4748989	0.0	2560
AE016958.1	AE016958.1	99.928	1389	1	0	1002568	1003956	4747597	4748985	0.0	2560
AE016958.1	AE016958.1	99.928	1389	1	0	2744985	2746373	4748985	4747597	0.0	2560
AE016958.1	AE016958.1	99.928	1389	1	0	1933777	1935165	4748985	4747597	0.0	2560
AE016958.1	AE016958.1	100.000	1386	0	0	2448182	2449567	4748982	4747597	0.0	2560
AE016958.1	AE016958.1	98.343	1448	18	6	2581833	2583278	686985	685542	0.0	2536
AE016958.1	AE016958.1	98.343	1448	18	6	685542	686985	2583278	2581833	0.0	2536
AE016958.1	AE016958.1	98.068	1449	23	5	614919	616364	456679	455233	0.0	2516
AE016958.1	AE016958.1	98.069	1450	21	7	455233	456679	616364	614919	0.0	2516
AE016958.1	AE016958.1	75.535	5420	1141	140	2057311	2062661	1550977	1545674	0.0	2492
AE016958.1	AE016958.1	75.517	5420	1148	134	1545674	1550980	2062661	2057308	0.0	2492
AE016958.1	AE016958.1	99.199	1373	11	0	4316710	4318082	2004119	2002747	0.0	2475
AE016958.1	AE016958.1	99.199	1373	11	0	2002747	2004119	4318082	4316710	0.0	2475
AE016958.1	AE016958.1	99.485	1359	7	0	2581910	2583268	273793	275151	0.0	2471
AE016958.1	AE016958.1	99.485	1359	7	0	685552	686910	275151	273793	0.0	2471
AE016958.1	AE016958.1	99.413	1362	8	0	273793	275154	686910	685549	0.0	2471
AE016958.1	AE016958.1	99.485	1359	7	0	273793	275151	2581910	2583268	0.0	2471
AE016958.1	AE016958.1	99.106	1343	8	4	872760	874100	614979	616319	0.0	2410
AE016958.1	AE016958.1	99.106	1343	8	4	614979	616319	872760	874100	0.0	2410
AE016958.1	AE016958.1	99.619	1312	3	1	872760	874071	456619	455310	0.0	2394
AE016958.1	AE016958.1	99.619	1312	3	1	455310	456619	874071	872760	0.0	2394
AE016958.1	AE016958.1	99.923	1296	1	0	3649082	3650377	2154513	2153218	0.0	2388
AE016958.1	AE016958.1	100.000	1293	0	0	2153221	2154513	3650374	3649082	0.0	2388
AE016958.1	AE016958.1	99.609	1279	5	0	3338671	3339949	36570	35292	0.0	2335
AE016958.1	AE016958.1	99.687	1276	4	0	35295	36570	3339946	3338671	0.0	2335
AE016958.1	AE016958.1	98.772	1303	14	2	1604527	1605828	1565736	1564435	0.0	2316
AE016958.1	AE016958.1	98.772	1303	14	2	1564435	1565736	1605828	1604527	0.0	2316
AE016958.1	AE016958.1	94.174	1459	70	11	3842173	3843619	2803687	2802232	0.0	2209
AE016958.1	AE016958.1	94.118	1462	71	11	2802232	2803690	3843619	3842170	0.0	2209
AE016958.1	AE016958.1	75.405	4879	1022	136	2057680	2062489	1547450	1542681	0.0	2198
AE016958.1	AE016958.1	75.426	4871	1017	134	1542690	1547450	2062480	2057680	0.0	2198
AE016958.1	AE016958.1	73.501	6253	1454	178	4202659	4208795	2048786	2054951	0.0	2180
AE016958.1	AE016958.1	73.513	6256	1448	183	2048786	2054951	4202659	4208795	0.0	2180
AE016958.1	AE016958.1	73.532	6200	1348	242	1532102	1538174	1308993	1315026	0.0	2087
AE016958.1	AE016958.1	73.545	6203	1342	243	1308993	1315026	1532102	1538174	0.0	2087
AE016958.1	AE016958.1	97.282	1214	33	0	3999989	4001202	3653508	3652295	0.0	2060
AE016958.1	AE016958.1	97.282	1214	33	0	3652295	3653508	4001202	3999989	0.0	2060
AE016958.1	AE016958.1	95.683	1274	49	5	3873374	3874644	2205305	2206575	0.0	2043
AE016958.1	AE016958.1	95.683	1274	49	5	2205305	2206575	3873374	3874644	0.0	2043
AE016958.1	AE016958.1	99.910	1105	1	0	2939966	2941070	1099298	1098194	0.0	2036
AE016958.1	AE016958.1	99.910	1105	1	0	1098194	1099298	2941070	2939966	0.0	2036
AE016958.1	AE016958.1	99.552	1116	3	2	3423094	3424207	1098187	1099302	0.0	2032
AE016958.1	AE016958.1	99.552	1116	3	2	1098187	1099302	3423094	3424207	0.0	2032
AE016958.1	AE016958.1	99.909	1102	1	0	3423102	3424203	2941067	2939966	0.0	2030
AE016958.1	AE016958.1	99.909	1102	1	0	2939966	2941067	3424203	3423102	0.0	2030
AE016958.1	AE016958.1	100.000	1093	0	0	4078080	4079172	3424198	3423106	0.0	2019
AE016958.1	AE016958.1	99.818	1099	2	0	3423106	3424204	4079172	4078074	0.0	2019
AE016958.1	AE016958.1	99.459	1109	4	2	4078080	4079188	1099293	1098187	0.0	2013
AE016958.1	AE016958.1	99.909	1093	1	0	4078080	4079172	2939971	2941063	0.0	2013
AE016958.1	AE016958.1	99.909	1093	1	0	2939971	2941063	4078080	4079172	0.0	2013
AE016958.1	AE016958.1	99.909	1093	1	0	1098201	1099293	4079172	4078080	0.0	2013
AE016958.1	AE016958.1	91.747	1454	86	23	3700939	3702369	2802226	2803668	0.0	1989
AE016958.1	AE016958.1	91.747	1454	86	23	2802226	2803668	3700939	3702369	0.0	1989
AE016958.1	AE016958.1	91.766	1433	105	12	3842192	3843619	3702369	3700945	0.0	1980
AE016958.1	AE016958.1	91.766	1433	105	13	3700945	3702369	3843619	3842192	0.0	1980
AE016958.1	AE016958.1	96.420	1201	38	3	3842423	3843619	1604829	1606028	0.0	1975
AE016958.1	AE016958.1	96.420	1201	38	3	1604829	1606028	3842423	3843619	0.0	1975
AE016958.1	AE016958.1	77.261	3549	686	96	1547149	1550629	1540816	1544311	0.0	1971
AE016958.1	AE016958.1	77.248	3547	690	93	1540816	1544311	1547149	1550629	0.0	1971
AE016958.1	AE016958.1	75.750	4132	857	123	1545615	1549684	1314902	1318950	0.0	1945
AE016958.1	AE016958.1	75.756	4133	855	124	1314902	1318950	1545615	1549684	0.0	1945
AE016958.1	AE016958.1	75.403	4094	837	139	1542452	1546472	1314901	1318897	0.0	1825
AE016958.1	AE016958.1	75.403	4094	837	139	1314901	1318897	1542452	1546472	0.0	1825
AE016958.1	AE016958.1	93.239	1198	76	3	3700945	3702138	1564238	1565434	0.0	1759
AE016958.1	AE016958.1	93.239	1198	76	3	1564238	1565434	3700945	3702138	0.0	1759
AE016958.1	AE016958.1	79.647	2437	448	32	2454894	2457297	2243311	2245732	0.0	1709
AE016958.1	AE016958.1	79.639	2436	450	31	2243311	2245732	2454894	2457297	0.0	1709
AE016958.1	AE016958.1	90.669	1211	87	21	3842423	3843620	1565434	1564237	0.0	1587
AE016958.1	AE016958.1	90.669	1211	87	22	1564237	1565434	3843620	3842423	0.0	1587
AE016958.1	AE016958.1	92.576	1091	72	7	2802353	2803437	1605916	1604829	0.0	1557
AE016958.1	AE016958.1	92.505	1094	73	7	1604829	1605919	2803437	2802350	0.0	1557
AE016958.1	AE016958.1	94.212	1002	51	5	2802441	2803437	1564435	1565434	0.0	1522
AE016958.1	AE016958.1	94.212	1002	51	5	1564435	1565434	2802441	2803437	0.0	1522
AE016958.1	AE016958.1	78.693	2342	440	48	1966180	1968487	1960063	1962379	0.0	1506
AE016958.1	AE016958.1	78.693	2342	440	48	1960063	1962379	1966180	1968487	0.0	1506
AE016958.1	AE016958.1	77.341	2542	527	34	4551733	4554252	3998289	4000803	0.0	1458
AE016958.1	AE016958.1	77.376	2546	519	42	3998289	4000803	4551733	4554252	0.0	1458
AE016958.1	AE016958.1	83.427	1593	233	29	1548980	1550558	1533764	1535339	0.0	1450
AE016958.1	AE016958.1	83.427	1593	233	28	1533764	1535339	1548980	1550558	0.0	1450
AE016958.1	AE016958.1	75.611	3030	667	63	2511663	2514654	1364673	1367668	0.0	1435
AE016958.1	AE016958.1	88.318	1207	127	12	3700942	3702138	1606031	1604829	0.0	1435
AE016958.1	AE016958.1	75.611	3030	667	60	1364673	1367668	2511663	2514654	0.0	1435
AE016958.1	AE016958.1	88.318	1207	127	11	1604829	1606031	3702138	3700942	0.0	1435
AE016958.1	AE016958.1	80.802	1745	298	30	3850088	3851809	3847579	3849309	0.0	1332
AE016958.1	AE016958.1	80.802	1745	298	30	3847579	3849309	3850088	3851809	0.0	1332
AE016958.1	AE016958.1	79.944	1770	323	24	2070748	2072501	2067691	2069444	0.0	1273
AE016958.1	AE016958.1	79.955	1771	321	27	2067691	2069444	2070748	2072501	0.0	1273
AE016958.1	AE016958.1	79.907	1727	315	28	1545681	1547391	1533624	1535334	0.0	1238
AE016958.1	AE016958.1	79.907	1727	315	28	1533624	1535334	1545681	1547391	0.0	1238
AE016958.1	AE016958.1	76.882	2232	460	50	3484679	3486875	2320631	2318421	0.0	1212
AE016958.1	AE016958.1	76.902	2234	456	54	2318421	2320631	3486875	3484679	0.0	1212
AE016958.1	AE016958.1	78.351	1940	346	59	3850087	3851977	1425086	1423172	0.0	1188
AE016958.1	AE016958.1	79.121	1820	306	58	1423319	1425114	3851830	3850061	0.0	1188
AE016958.1	AE016958.1	100.000	639	0	0	1655301	1655939	1046686	1046048	0.0	1181
AE016958.1	AE016958.1	100.000	639	0	0	1046048	1046686	1655939	1655301	0.0	1181
AE016958.1	AE016958.1	79.531	1705	307	37	3850071	3851749	1593819	1595507	0.0	1177
AE016958.1	AE016958.1	76.344	2270	493	41	2968036	2970278	2605845	2608097	0.0	1177
AE016958.1	AE016958.1	76.344	2270	493	41	2605845	2608097	2968036	2970278	0.0	1177
AE016958.1	AE016958.1	79.531	1705	307	37	1593819	1595507	3850071	3851749	0.0	1177
AE016958.1	AE016958.1	72.720	3915	916	124	2058628	2062486	1318951	1315133	0.0	1173
AE016958.1	AE016958.1	72.776	3890	903	126	1315160	1318951	2062459	2058628	0.0	1173
AE016958.1	AE016958.1	83.088	1289	202	12	1479760	1481037	1473369	1474652	0.0	1158
AE016958.1	AE016958.1	83.088	1289	202	12	1473369	1474652	1479760	1481037	0.0	1158
AE016958.1	AE016958.1	80.025	1572	256	46	3621652	3623197	1354765	1356304	0.0	1110
AE016958.1	AE016958.1	80.013	1571	258	46	1354765	1356304	3621652	3623197	0.0	1110
AE016958.1	AE016958.1	78.328	1758	330	47	3847579	3849309	1593834	1595567	0.0	1088
AE016958.1	AE016958.1	78.303	1756	334	43	1593834	1595567	3847579	3849309	0.0	1088
AE016958.1	AE016958.1	80.371	1457	259	23	2581826	2583270	616363	614922	0.0	1081
AE016958.1	AE016958.1	80.344	1455	263	22	614922	616363	2583270	2581826	0.0	1081
AE016958.1	AE016958.1	80.260	1459	257	27	685549	686992	614921	616363	0.0	1070
AE016958.1	AE016958.1	80.233	1457	261	26	614921	616363	685549	686992	0.0	1070
AE016958.1	AE016958.1	78.057	1791	324	51	3847562	3849310	1425102	1423339	0.0	1066
AE016958.1	AE016958.1	78.020	1788	330	49	1423339	1425102	3849310	3847562	0.0	1066
AE016958.1	AE016958.1	80.817	1371	243	16	2581910	2583270	455316	456676	0.0	1057
AE016958.1	AE016958.1	80.789	1369	247	15	455316	456676	2581910	2583270	0.0	1057
AE016958.1	AE016958.1	80.027	1457	265	22	685549	686992	456677	455234	0.0	1055
AE016958.1	AE016958.1	79.986	1459	268	21	455234	456680	686992	685546	0.0	1055
AE016958.1	AE016958.1	73.512	3126	685	118	2031640	2034701	120393	123439	0.0	1053
AE016958.1	AE016958.1	80.761	1367	247	15	614924	616282	275151	273793	0.0	1053
AE016958.1	AE016958.1	80.758	1372	244	16	273793	275154	616282	614921	0.0	1053
AE016958.1	AE016958.1	73.512	3126	685	118	120393	123439	2031640	2034701	0.0	1053
AE016958.1	AE016958.1	79.917	1449	267	22	455238	456674	273715	275151	0.0	1042
AE016958.1	AE016958.1	79.945	1451	263	23	273715	275151	455238	456674	0.0	1042
AE016958.1	AE016958.1	81.507	1314	198	38	2081029	2082318	1774086	1772794	0.0	1038
AE016958.1	AE016958.1	81.445	1315	203	36	1772794	1774089	2082318	2081026	0.0	1038
AE016958.1	AE016958.1	74.016	2667	630	57	4406783	4409419	3393540	3390907	0.0	1027
AE016958.1	AE016958.1	74.042	2662	626	59	3390913	3393540	4409413	4406783	0.0	1027
AE016958.1	AE016958.1	80.325	1352	245	17	2581872	2583213	874100	872760	0.0	1003
AE016958.1	AE016958.1	80.296	1350	249	16	872760	874100	2583213	2581872	0.0	1003
AE016958.1	AE016958.1	78.930	1533	272	42	1545875	1547381	1310697	1312204	0.0	994
AE016958.1	AE016958.1	78.985	1537	264	46	1310697	1312204	1545875	1547381	0.0	994
AE016958.1	AE016958.1	76.780	1882	370	51	1593833	1595674	1425086	1423232	0.0	992
AE016958.1	AE016958.1	76.780	1882	370	51	1423232	1425086	1595674	1593833	0.0	992
AE016958.1	AE016958.1	80.119	1343	251	15	872760	874094	275096	273762	0.0	987
AE016958.1	AE016958.1	80.149	1345	247	16	273762	275096	874094	872760	0.0	987
AE016958.1	AE016958.1	80.060	1344	252	15	872760	874095	685607	686942	0.0	983
AE016958.1	AE016958.1	80.089	1346	248	16	685607	686942	872760	874095	0.0	983
AE016958.1	AE016958.1	80.214	1309	229	18	2027209	2028505	99991	101281	0.0	955
AE016958.1	AE016958.1	80.214	1309	229	18	99991	101281	2027209	2028505	0.0	955
AE016958.1	AE016958.1	79.442	1362	261	17	4520899	4522252	135721	134371	0.0	946
AE016958.1	AE016958.1	79.414	1365	262	17	134377	135730	4522246	4520890	0.0	946
AE016958.1	AE016958.1	76.405	1886	360	76	1548774	1550624	1314902	1316737	0.0	939
AE016958.1	AE016958.1	76.393	1885	362	74	1314902	1316737	1548774	1550624	0.0	939
AE016958.1	AE016958.1	79.632	1360	229	40	1319982	1321324	1086106	1084778	0.0	933
AE016958.1	AE016958.1	79.632	1360	229	39	1084778	1086106	1321324	1319982	0.0	933
AE016958.1	AE016958.1	76.994	1743	323	70	1548840	1550543	1310501	1312204	0.0	926
AE016958.1	AE016958.1	76.954	1740	329	65	1310501	1312204	1548840	1550543	0.0	926
AE016958.1	AE016958.1	76.474	1764	354	53	1542485	1544219	1310467	1312198	0.0	902
AE016958.1	AE016958.1	76.474	1764	354	53	1310467	1312198	1542485	1544219	0.0	902
AE016958.1	AE016958.1	87.707	724	82	7	3887863	3888583	2229120	2228401	0.0	837
AE016958.1	AE016958.1	85.572	804	110	6	2855268	2856067	2854367	2855168	0.0	837
AE016958.1	AE016958.1	85.572	804	110	6	2854367	2855168	2855268	2856067	0.0	837
AE016958.1	AE016958.1	87.795	721	81	7	2228404	2229120	3888580	3887863	0.0	837
AE016958.1	AE016958.1	74.024	2202	488	72	2488028	2490184	2483384	2485546	0.0	821
AE016958.1	AE016958.1	74.035	2203	486	72	2483384	2485546	2488028	2490184	0.0	821
AE016958.1	AE016958.1	76.358	1620	330	45	2998611	3000204	2612015	2610423	0.0	821
AE016958.1	AE016958.1	76.304	1629	333	45	2610423	2612024	3000204	2998602	0.0	821
AE016958.1	AE016958.1	79.215	1198	224	25	769898	771081	737836	739022	0.0	809
AE016958.1	AE016958.1	79.215	1198	224	25	737836	739022	769898	771081	0.0	809
AE016958.1	AE016958.1	72.404	2754	687	63	4186524	4189239	1899352	1902070	0.0	808
AE016958.1	AE016958.1	72.404	2754	687	63	1899352	1902070	4186524	4189239	0.0	808
AE016958.1	AE016958.1	74.107	2128	465	74	2932105	2934196	2051372	2053449	0.0	798
AE016958.1	AE016958.1	74.083	2126	469	71	2051372	2053449	2932105	2934196	0.0	798
AE016958.1	AE016958.1	76.258	1550	316	41	983060	984586	978301	979821	0.0	776
AE016958.1	AE016958.1	76.289	1552	312	44	978301	979821	983060	984586	0.0	776
AE016958.1	AE016958.1	75.982	1578	329	40	2060902	2062453	2057722	2059275	0.0	769
AE016958.1	AE016958.1	75.982	1578	329	40	2057722	2059275	2060902	2062453	0.0	769
AE016958.1	AE016958.1	78.186	1224	241	18	2679440	2680645	817817	819032	0.0	758
AE016958.1	AE016958.1	78.168	1223	243	18	817817	819032	2679440	2680645	0.0	758
AE016958.1	AE016958.1	81.579	912	164	4	1764554	1765463	223987	223078	0.0	750
AE016958.1	AE016958.1	81.579	912	164	4	223078	223987	1765463	1764554	0.0	750
AE016958.1	AE016958.1	77.610	1255	270	8	2934465	2935717	2053700	2054945	0.0	750
AE016958.1	AE016958.1	77.610	1255	270	8	2053700	2054945	2934465	2935717	0.0	750
AE016958.1	AE016958.1	78.163	1241	224	34	1768959	1770176	549217	548001	0.0	747
AE016958.1	AE016958.1	78.155	1236	227	34	548004	549217	1770173	1768959	0.0	747
AE016958.1	AE016958.1	77.540	1309	244	43	1970937	1972212	1481059	1479768	0.0	743
AE016958.1	AE016958.1	77.506	1307	248	40	1479768	1481059	1972212	1970937	0.0	743
AE016958.1	AE016958.1	77.235	1309	251	41	1964835	1966113	1481059	1479768	0.0	723
AE016958.1	AE016958.1	77.235	1309	251	41	1479768	1481059	1966113	1964835	0.0	723
AE016958.1	AE016958.1	75.137	1637	343	46	2057719	2059341	1316686	1315100	0.0	710
AE016958.1	AE016958.1	75.153	1638	341	48	1315100	1316686	2059341	2057719	0.0	710
AE016958.1	AE016958.1	74.889	1573	329	40	2060939	2062489	1312194	1310666	0.0	656
AE016958.1	AE016958.1	74.920	1567	327	40	1310675	1312197	2062480	2060936	0.0	656
AE016958.1	AE016958.1	71.816	2544	634	69	4186768	4189269	1304414	1301912	0.0	649
AE016958.1	AE016958.1	71.822	2541	633	72	1301915	1304414	4189266	4186768	0.0	649
AE016958.1	AE016958.1	77.509	1116	223	25	1449280	1450387	771128	772223	0.0	645
AE016958.1	AE016958.1	77.509	1116	223	25	771128	772223	1449280	1450387	0.0	645
AE016958.1	AE016958.1	81.677	775	132	10	2069910	2070680	2066892	2067660	6.34e-179	636
AE016958.1	AE016958.1	81.677	775	132	10	2066892	2067660	2069910	2070680	6.34e-179	636
AE016958.1	AE016958.1	77.877	1008	213	10	2178817	2179819	304395	303393	2.30e-173	617
AE016958.1	AE016958.1	77.877	1008	213	10	303393	304395	2179819	2178817	2.30e-173	617
AE016958.1	AE016958.1	74.678	1477	331	39	4205930	4207386	2932834	2934287	8.26e-173	616
AE016958.1	AE016958.1	74.678	1477	331	39	2932834	2934287	4205930	4207386	8.26e-173	616
AE016958.1	AE016958.1	75.521	1295	277	34	371362	372636	138480	139754	8.32e-168	599
AE016958.1	AE016958.1	75.521	1295	277	35	138480	139754	371362	372636	8.32e-168	599
AE016958.1	AE016958.1	75.399	1317	281	41	2836971	2838266	774722	776016	2.99e-167	597
AE016958.1	AE016958.1	75.361	1315	285	37	774722	776016	2836971	2838266	2.99e-167	597
AE016958.1	AE016958.1	80.245	815	132	19	735892	736696	687477	688272	6.48e-164	586
AE016958.1	AE016958.1	80.245	815	132	19	687477	688272	735892	736696	6.48e-164	586
AE016958.1	AE016958.1	74.911	1399	291	52	4109128	4110499	1254385	1255750	2.33e-163	584
AE016958.1	AE016958.1	74.946	1401	287	57	1254385	1255750	4109128	4110499	2.33e-163	584
AE016958.1	AE016958.1	77.041	1041	223	12	4692229	4693262	4691001	4692032	2.33e-163	584
AE016958.1	AE016958.1	77.041	1041	223	12	4691001	4692032	4692229	4693262	2.33e-163	584
AE016958.1	AE016958.1	73.668	1595	360	46	4733343	4734910	4395927	4397488	3.03e-157	564
AE016958.1	AE016958.1	73.701	1597	356	51	4395927	4397488	4733343	4734910	3.03e-157	564
AE016958.1	AE016958.1	74.980	1259	283	28	4189995	4191239	2045736	2044496	2.36e-153	551
AE016958.1	AE016958.1	74.921	1264	287	26	2044505	2045751	4191230	4189980	2.36e-153	551
AE016958.1	AE016958.1	81.669	671	113	9	1319198	1319866	1316018	1316680	8.50e-153	549
AE016958.1	AE016958.1	81.669	671	113	9	1316018	1316680	1319198	1319866	8.50e-153	549
AE016958.1	AE016958.1	75.776	1127	236	34	2654320	2655428	1911052	1912159	2.38e-148	534
AE016958.1	AE016958.1	75.798	1128	234	34	1911052	1912159	2654320	2655428	2.38e-148	534
AE016958.1	AE016958.1	73.308	1551	367	41	4353506	4355033	4187701	4189227	3.98e-146	527
AE016958.1	AE016958.1	73.325	1552	365	42	4187701	4189227	4353506	4355033	3.98e-146	527
AE016958.1	AE016958.1	80.621	676	121	10	4314671	4315344	488847	489514	3.10e-142	514
AE016958.1	AE016958.1	80.621	676	121	10	488847	489514	4314671	4315344	3.10e-142	514
AE016958.1	AE016958.1	75.044	1138	250	28	4408220	4409340	1900937	1902057	3.12e-137	497
AE016958.1	AE016958.1	75.044	1138	250	28	1900937	1902057	4408220	4409340	3.12e-137	497
AE016958.1	AE016958.1	74.009	1362	291	53	4752587	4753921	1450607	1449282	1.12e-136	496
AE016958.1	AE016958.1	74.047	1364	287	57	1449282	1450607	4753921	4752587	1.12e-136	496
AE016958.1	AE016958.1	76.237	1031	182	46	4693469	4694482	4691041	4692025	1.88e-134	488
AE016958.1	AE016958.1	76.237	1031	182	46	4691041	4692025	4693469	4694482	1.88e-134	488
AE016958.1	AE016958.1	76.107	971	204	23	3814768	3815724	1269339	1268383	8.74e-133	483
AE016958.1	AE016958.1	76.132	972	202	24	1268383	1269339	3815724	3814768	8.74e-133	483
AE016958.1	AE016958.1	72.900	1583	352	62	780603	782145	586524	588069	1.46e-130	475
AE016958.1	AE016958.1	72.865	1581	356	59	586524	588069	780603	782145	1.46e-130	475
AE016958.1	AE016958.1	95.932	295	9	1	3842166	3842460	1565718	1565427	1.46e-130	475
AE016958.1	AE016958.1	96.233	292	8	1	1565430	1565718	3842457	3842166	1.46e-130	475
AE016958.1	AE016958.1	86.543	431	57	1	3560108	3560538	103473	103044	5.26e-130	473
AE016958.1	AE016958.1	86.574	432	55	3	103044	103473	3560538	3560108	5.26e-130	473
AE016958.1	AE016958.1	96.207	290	8	2	3702101	3702387	1565427	1565716	1.89e-129	472
AE016958.1	AE016958.1	95.876	291	12	0	3842167	3842457	1604543	1604833	1.89e-129	472
AE016958.1	AE016958.1	82.830	530	87	4	1954739	1955266	1951391	1951918	1.89e-129	472
AE016958.1	AE016958.1	82.927	533	81	8	1951391	1951918	1954739	1955266	1.89e-129	472
AE016958.1	AE016958.1	96.207	290	8	2	1565427	1565716	3702101	3702387	1.89e-129	472
AE016958.1	AE016958.1	95.876	291	12	0	1604543	1604833	3842167	3842457	1.89e-129	472
AE016958.1	AE016958.1	96.797	281	9	0	2803400	2803680	1565427	1565707	6.80e-129	470
AE016958.1	AE016958.1	98.496	266	4	0	3702104	3702369	1604833	1604568	6.80e-129	470
AE016958.1	AE016958.1	96.797	281	9	0	1565427	1565707	2803400	2803680	6.80e-129	470
AE016958.1	AE016958.1	98.141	269	5	0	1604568	1604836	3702369	3702101	6.80e-129	470
AE016958.1	AE016958.1	95.833	288	12	0	2803403	2803690	1604833	1604546	8.80e-128	466
AE016958.1	AE016958.1	95.533	291	13	0	1604546	1604836	2803690	2803400	8.80e-128	466
AE016958.1	AE016958.1	77.929	734	152	9	4274680	4275408	4271762	4272490	8.86e-123	449
AE016958.1	AE016958.1	77.929	734	152	9	4271762	4272490	4274680	4275408	8.86e-123	449
AE016958.1	AE016958.1	74.701	1087	219	46	3982756	3983814	2681807	2680749	8.93e-118	433
AE016958.1	AE016958.1	74.617	1111	220	49	2680752	2681831	3983811	3982732	8.93e-118	433
AE016958.1	AE016958.1	73.447	1288	284	51	4123460	4124712	2326148	2327412	3.21e-117	431
AE016958.1	AE016958.1	73.406	1286	288	50	2326148	2327412	4123460	4124712	3.21e-117	431
AE016958.1	AE016958.1	75.782	863	183	21	3873779	3874634	2204381	2205224	1.16e-111	412
AE016958.1	AE016958.1	75.782	863	183	21	2204381	2205224	3873779	3874634	1.16e-111	412
AE016958.1	AE016958.1	80.439	547	99	8	4209260	4209802	3880307	3880849	4.18e-111	411
AE016958.1	AE016958.1	80.439	547	99	8	3880307	3880849	4209260	4209802	4.18e-111	411
AE016958.1	AE016958.1	91.864	295	19	5	35004	35294	32020	32313	5.41e-110	407
AE016958.1	AE016958.1	91.864	295	19	5	32020	32313	35004	35294	5.41e-110	407
AE016958.1	AE016958.1	75.666	863	184	21	2205710	2206565	2204381	2205224	5.41e-110	407
AE016958.1	AE016958.1	75.666	863	184	21	2204381	2205224	2205710	2206565	5.41e-110	407
AE016958.1	AE016958.1	78.187	651	124	17	3153549	3154190	3149455	3150096	9.05e-108	399
AE016958.1	AE016958.1	78.187	651	124	17	3149455	3150096	3153549	3154190	9.05e-108	399
AE016958.1	AE016958.1	70.805	2038	515	74	4353036	4355033	1303951	1301954	4.21e-106	394
AE016958.1	AE016958.1	70.801	2048	516	75	1301954	1303960	4355033	4353027	4.21e-106	394
AE016958.1	AE016958.1	97.414	232	5	1	4622741	4622972	4622445	4622215	4.21e-106	394
AE016958.1	AE016958.1	97.414	232	5	1	4622215	4622445	4622972	4622741	4.21e-106	394
AE016958.1	AE016958.1	74.297	1031	214	40	1567646	1568646	565482	564473	1.96e-104	388
AE016958.1	AE016958.1	74.136	1071	218	49	564476	565521	1568643	1567607	1.96e-104	388
AE016958.1	AE016958.1	73.451	1130	260	33	4335623	4336735	1715076	1716182	1.96e-104	388
AE016958.1	AE016958.1	73.428	1129	262	32	1715076	1716182	4335623	4336735	1.96e-104	388
AE016958.1	AE016958.1	75.260	865	185	21	3935138	3935985	223967	223115	2.54e-103	385
AE016958.1	AE016958.1	73.909	1008	241	20	3941751	3942747	3474064	3473068	2.54e-103	385
AE016958.1	AE016958.1	75.260	865	185	21	223115	223967	3935985	3935138	2.54e-103	385
AE016958.1	AE016958.1	73.986	1011	235	24	3473068	3474064	3942747	3941751	2.54e-103	385
AE016958.1	AE016958.1	79.279	555	105	9	1961149	1961698	1478275	1477726	1.18e-101	379
AE016958.1	AE016958.1	79.279	555	105	9	1477726	1478275	1961698	1961149	1.18e-101	379
AE016958.1	AE016958.1	84.635	384	53	6	4660181	4660561	4659246	4659626	4.24e-101	377
AE016958.1	AE016958.1	84.635	384	53	6	4659246	4659626	4660181	4660561	4.24e-101	377
AE016958.1	AE016958.1	80.318	503	91	8	4145869	4146367	3880308	3880806	5.49e-100	374
AE016958.1	AE016958.1	80.318	503	91	8	3880308	3880806	4145869	4146367	5.49e-100	374
AE016958.1	AE016958.1	80.785	484	85	6	2449636	2450112	681000	681482	1.97e-99	372
AE016958.1	AE016958.1	80.785	484	85	6	681000	681482	2449636	2450112	1.97e-99	372
AE016958.1	AE016958.1	80.833	480	83	7	4570646	4571122	4424991	4425464	2.55e-98	368
AE016958.1	AE016958.1	80.833	480	83	7	4424991	4425464	4570646	4571122	2.55e-98	368
AE016958.1	AE016958.1	81.087	497	60	25	4271007	4271489	4270968	4271444	9.18e-98	366
AE016958.1	AE016958.1	81.048	496	62	23	4270968	4271444	4271007	4271489	9.18e-98	366
AE016958.1	AE016958.1	82.567	413	68	4	4661061	4661471	4660151	4660561	4.27e-96	361
AE016958.1	AE016958.1	82.567	413	68	4	4660151	4660561	4661061	4661471	4.27e-96	361
AE016958.1	AE016958.1	76.437	696	141	18	2057717	2058405	1319874	1319195	1.99e-94	355
AE016958.1	AE016958.1	76.437	696	141	18	1319195	1319874	2058405	2057717	1.99e-94	355
AE016958.1	AE016958.1	74.253	971	188	48	4645928	4646870	896294	895358	2.57e-93	351
AE016958.1	AE016958.1	74.200	969	192	44	895358	896294	4646870	4645928	2.57e-93	351
AE016958.1	AE016958.1	75.687	728	155	20	2913745	2914464	553268	553981	4.30e-91	344
AE016958.1	AE016958.1	75.701	749	148	25	2060845	2061579	1319926	1319198	4.30e-91	344
AE016958.1	AE016958.1	76.445	692	129	25	1319258	1319929	2061519	2060842	4.30e-91	344
AE016958.1	AE016958.1	75.687	728	155	20	553268	553981	2913745	2914464	4.30e-91	344
AE016958.1	AE016958.1	72.924	1156	244	54	4752772	4753903	772258	771148	7.20e-89	337
AE016958.1	AE016958.1	72.900	1155	246	51	771148	772258	4753903	4752772	7.20e-89	337
AE016958.1	AE016958.1	78.544	522	100	9	4229222	4229737	2919862	2920377	9.31e-88	333
AE016958.1	AE016958.1	78.544	522	100	9	2919862	2920377	4229222	4229737	9.31e-88	333
AE016958.1	AE016958.1	78.191	564	90	23	1967260	1967807	1478275	1477729	1.20e-86	329
AE016958.1	AE016958.1	78.153	563	92	22	1477729	1478275	1967807	1967260	1.20e-86	329
AE016958.1	AE016958.1	74.359	780	184	12	2434872	2435645	785678	786447	2.61e-83	318
AE016958.1	AE016958.1	74.392	781	182	14	785678	786447	2434872	2435645	2.61e-83	318
AE016958.1	AE016958.1	74.454	779	179	19	2706665	2707433	4749116	4749884	2.61e-83	318
AE016958.1	AE016958.1	88.760	258	29	0	2306624	2306881	2305958	2306215	9.38e-83	316
AE016958.1	AE016958.1	88.760	258	29	0	2305958	2306215	2306624	2306881	9.38e-83	316
AE016958.1	AE016958.1	77.355	552	110	13	4274866	4275408	4247719	4248264	1.21e-81	313
AE016958.1	AE016958.1	77.355	552	110	14	4247719	4248264	4274866	4275408	1.21e-81	313
AE016958.1	AE016958.1	79.114	474	81	16	1651656	1652120	1653150	1653614	4.36e-81	311
AE016958.1	AE016958.1	71.595	1285	316	39	4353775	4355033	1306147	1304886	2.03e-79	305
AE016958.1	AE016958.1	71.573	1284	318	37	1304886	1306147	4355033	4353775	2.03e-79	305
AE016958.1	AE016958.1	80.990	384	70	3	3628544	3628924	1856692	1856309	2.63e-78	302
AE016958.1	AE016958.1	80.990	384	70	3	1856309	1856692	3628924	3628544	2.63e-78	302
AE016958.1	AE016958.1	71.131	1538	357	72	3494801	3496296	3489856	3491348	9.45e-78	300
AE016958.1	AE016958.1	71.113	1537	359	69	3489856	3491348	3494801	3496296	9.45e-78	300
AE016958.1	AE016958.1	72.475	1119	238	58	4650554	4651637	1104426	1105509	1.22e-76	296
AE016958.1	AE016958.1	72.451	1118	240	56	1104426	1105509	4650554	4651637	1.22e-76	296
AE016958.1	AE016958.1	77.755	490	99	9	2862583	2863067	1928892	1929376	1.58e-75	292
AE016958.1	AE016958.1	77.755	490	99	9	1928892	1929376	2862583	2863067	1.58e-75	292
AE016958.1	AE016958.1	85.766	274	39	0	2939651	2939924	2247897	2247624	5.69e-75	291
AE016958.1	AE016958.1	85.766	274	39	0	2247624	2247897	2939924	2939651	5.69e-75	291
AE016958.1	AE016958.1	74.596	681	157	15	3998333	3999005	586524	587196	2.65e-73	285
AE016958.1	AE016958.1	74.559	680	159	13	586524	587196	3998333	3999005	2.65e-73	285
AE016958.1	AE016958.1	80.381	367	55	14	1937787	1938145	1937722	1938079	1.24e-66	263
AE016958.1	AE016958.1	80.381	367	55	14	1937722	1938079	1937787	1938145	1.24e-66	263
AE016958.1	AE016958.1	74.790	595	136	11	676320	676907	139923	140510	2.07e-64	255
AE016958.1	AE016958.1	74.790	595	136	11	139923	140510	676320	676907	2.07e-64	255
AE016958.1	AE016958.1	74.574	645	135	20	4659246	4659877	3760158	3759530	2.07e-64	255
AE016958.1	AE016958.1	74.455	642	141	17	3759530	3760158	4659877	4659246	2.07e-64	255
AE016958.1	AE016958.1	77.622	429	88	7	2249005	2249429	1214977	1214553	7.46e-64	254
AE016958.1	AE016958.1	77.622	429	88	7	1214553	1214977	2249429	2249005	7.46e-64	254
AE016958.1	AE016958.1	73.410	692	172	12	4551763	4552448	586510	587195	3.47e-62	248
AE016958.1	AE016958.1	77.324	441	87	11	2580636	2581068	2249588	2249153	3.47e-62	248
AE016958.1	AE016958.1	77.294	436	90	8	2249156	2249588	2581065	2580636	3.47e-62	248
AE016958.1	AE016958.1	73.372	691	174	10	586510	587195	4551763	4552448	3.47e-62	248
AE016958.1	AE016958.1	77.561	410	90	2	3570555	3570963	384012	384420	1.25e-61	246
AE016958.1	AE016958.1	77.561	410	90	2	384012	384420	3570555	3570963	1.25e-61	246
AE016958.1	AE016958.1	90.556	180	13	2	301075	301251	300581	300759	2.70e-58	235
AE016958.1	AE016958.1	90.556	180	13	2	300581	300759	301075	301251	2.70e-58	235
AE016958.1	AE016958.1	70.414	1450	356	62	1443933	1445348	981773	980363	9.72e-58	233
AE016958.1	AE016958.1	70.415	1494	359	69	980363	981811	1445348	1443893	9.72e-58	233
AE016958.1	AE016958.1	71.269	1166	261	57	2174520	2175657	2172807	2173926	1.26e-56	230
AE016958.1	AE016958.1	71.245	1165	263	55	2172807	2173926	2174520	2175657	1.26e-56	230
AE016958.1	AE016958.1	72.173	902	200	39	1707813	1708684	29250	28370	4.52e-56	228
AE016958.1	AE016958.1	72.173	902	200	39	28370	29250	1708684	1707813	4.52e-56	228
AE016958.1	AE016958.1	73.982	565	135	10	3975804	3976362	1902978	1902420	2.72e-53	219
AE016958.1	AE016958.1	73.814	569	141	7	1902423	1902987	3976359	3975795	2.72e-53	219
AE016958.1	AE016958.1	73.182	660	146	23	4667144	4667786	4659230	4659875	1.64e-50	209
AE016958.1	AE016958.1	73.182	660	146	23	4659230	4659875	4667144	4667786	1.64e-50	209
AE016958.1	AE016958.1	76.336	393	81	10	3473067	3473453	285950	285564	9.86e-48	200
AE016958.1	AE016958.1	76.263	396	82	11	285564	285953	3473453	3473064	9.86e-48	200
AE016958.1	AE016958.1	99.091	110	1	0	3253707	3253816	3253654	3253763	3.55e-47	198
AE016958.1	AE016958.1	99.091	110	1	0	3253654	3253763	3253707	3253816	3.55e-47	198
AE016958.1	AE016958.1	94.400	125	7	0	109541	109665	108524	108400	1.65e-45	193
AE016958.1	AE016958.1	91.971	137	11	0	108400	108536	109665	109529	1.65e-45	193
AE016958.1	AE016958.1	90.210	143	14	0	301101	301243	300128	300270	7.67e-44	187
AE016958.1	AE016958.1	90.210	143	14	0	300128	300270	301101	301243	7.67e-44	187
AE016958.1	AE016958.1	87.195	164	21	0	610238	610401	610190	610353	7.67e-44	187
AE016958.1	AE016958.1	86.310	168	21	2	3880620	3880786	131437	131603	3.57e-42	182
AE016958.1	AE016958.1	96.364	110	4	0	336748	336857	336689	336798	3.57e-42	182
AE016958.1	AE016958.1	96.364	110	4	0	336689	336798	336748	336857	3.57e-42	182
AE016958.1	AE016958.1	86.310	168	21	2	131437	131603	3880620	3880786	3.57e-42	182
AE016958.1	AE016958.1	71.960	699	171	20	4271817	4272501	4269511	4270198	3.57e-42	182
AE016958.1	AE016958.1	71.879	697	175	16	4269511	4270198	4271817	4272501	3.57e-42	182
AE016958.1	AE016958.1	81.057	227	39	2	1672197	1672421	1830883	1831107	4.62e-41	178
AE016958.1	AE016958.1	71.592	785	180	35	4691115	4691879	1291289	1290528	5.97e-40	174
AE016958.1	AE016958.1	73.849	478	107	16	1208729	1209197	1673200	1673668	5.97e-40	174
AE016958.1	AE016958.1	80.083	241	42	6	4554327	4554564	3652532	3652295	5.97e-40	174
AE016958.1	AE016958.1	80.083	241	42	6	3652295	3652532	4554564	4554327	5.97e-40	174
AE016958.1	AE016958.1	71.592	785	180	35	1290528	1291289	4691879	4691115	5.97e-40	174
AE016958.1	AE016958.1	82.353	204	30	6	2297203	2297403	2296390	2296590	2.15e-39	172
AE016958.1	AE016958.1	82.353	204	30	6	2296390	2296590	2297203	2297403	2.15e-39	172
AE016958.1	AE016958.1	77.064	327	55	16	2912468	2912784	582952	582636	7.73e-39	171
AE016958.1	AE016958.1	80.543	221	43	0	3534756	3534976	1672187	1672407	7.73e-39	171
AE016958.1	AE016958.1	77.064	327	55	16	582636	582952	2912784	2912468	7.73e-39	171
AE016958.1	AE016958.1	80.543	221	43	0	1672187	1672407	3534756	3534976	7.73e-39	171
AE016958.1	AE016958.1	77.419	279	57	6	2926708	2926983	1672158	1672433	4.65e-36	161
AE016958.1	AE016958.1	77.419	279	57	6	1672158	1672433	2926708	2926983	4.65e-36	161
AE016958.1	AE016958.1	94.231	104	6	0	3665752	3665855	3665694	3665797	1.67e-35	159
AE016958.1	AE016958.1	94.231	104	6	0	3665694	3665797	3665752	3665855	1.67e-35	159
AE016958.1	AE016958.1	88.976	127	14	0	301102	301228	298799	298925	6.02e-35	158
AE016958.1	AE016958.1	88.976	127	14	0	298799	298925	301102	301228	6.02e-35	158
AE016958.1	AE016958.1	92.035	113	8	1	873967	874078	871168	871280	6.02e-35	158
AE016958.1	AE016958.1	92.035	113	8	1	871168	871280	873967	874078	6.02e-35	158
AE016958.1	AE016958.1	81.095	201	34	4	2159779	2159976	2159374	2159573	6.02e-35	158
AE016958.1	AE016958.1	81.000	200	36	2	2159374	2159573	2159779	2159976	6.02e-35	158
AE016958.1	AE016958.1	81.000	200	35	3	2896494	2896693	1831078	1830882	2.16e-34	156
AE016958.1	AE016958.1	71.845	618	151	21	4271902	4272504	4247673	4248282	2.16e-34	156
AE016958.1	AE016958.1	71.935	620	147	24	4247673	4248282	4271902	4272504	2.16e-34	156
AE016958.1	AE016958.1	81.720	186	32	2	4087355	4087539	1118883	1119067	7.78e-34	154
AE016958.1	AE016958.1	81.720	186	32	2	1118883	1119067	4087355	4087539	7.78e-34	154
AE016958.1	AE016958.1	78.367	245	45	8	4524474	4524713	187793	187552	2.80e-33	152
AE016958.1	AE016958.1	93.269	104	6	1	871168	871270	455412	455309	2.80e-33	152
AE016958.1	AE016958.1	94.059	101	5	1	455312	455412	871267	871168	2.80e-33	152
AE016958.1	AE016958.1	73.180	522	100	31	2593913	2594414	942437	942938	2.80e-33	152
AE016958.1	AE016958.1	73.231	523	98	31	942437	942938	2593913	2594414	2.80e-33	152
AE016958.1	AE016958.1	91.071	112	10	0	4270076	4270187	4248153	4248264	2.80e-33	152
AE016958.1	AE016958.1	91.071	112	10	0	4248153	4248264	4270076	4270187	2.80e-33	152
AE016958.1	AE016958.1	78.367	245	45	8	187552	187793	4524713	4524474	2.80e-33	152
AE016958.1	AE016958.1	80.193	207	36	5	1672151	1672354	1047739	1047535	1.01e-32	150
AE016958.1	AE016958.1	80.288	208	34	6	1047538	1047742	1672351	1672148	1.01e-32	150
AE016958.1	AE016958.1	74.863	366	70	18	211633	211986	210069	210424	1.30e-31	147
AE016958.1	AE016958.1	74.863	366	70	18	210069	210424	211633	211986	1.30e-31	147
AE016958.1	AE016958.1	72.931	447	109	10	4132744	4133184	1215930	1215490	4.68e-31	145
AE016958.1	AE016958.1	72.931	447	109	10	1215490	1215930	4133184	4132744	4.68e-31	145
AE016958.1	AE016958.1	77.959	245	43	9	4067606	4067843	2981109	2981349	1.68e-30	143
AE016958.1	AE016958.1	77.959	245	43	9	2981109	2981349	4067606	4067843	1.68e-30	143
AE016958.1	AE016958.1	97.561	82	2	0	2861443	2861524	2860526	2860607	6.06e-30	141
AE016958.1	AE016958.1	97.561	82	2	0	2860526	2860607	2861443	2861524	6.06e-30	141
AE016958.1	AE016958.1	78.222	225	44	3	4692346	4692566	1291288	1291065	2.18e-29	139
AE016958.1	AE016958.1	78.222	225	44	3	1291065	1291288	4692566	4692346	2.18e-29	139
AE016958.1	AE016958.1	74.212	349	81	8	3880308	3880653	131101	131443	7.84e-29	137
AE016958.1	AE016958.1	71.565	626	142	31	4768202	4768810	746038	745432	7.84e-29	137
AE016958.1	AE016958.1	78.922	204	41	2	3534760	3534962	1047698	1047496	7.84e-29	137
AE016958.1	AE016958.1	79.104	201	40	2	1047499	1047698	3534959	3534760	7.84e-29	137
AE016958.1	AE016958.1	74.286	350	79	10	131101	131443	3880308	3880653	7.84e-29	137
AE016958.1	AE016958.1	83.333	150	23	2	4624306	4624454	4749116	4749264	7.84e-29	137
AE016958.1	AE016958.1	71.336	614	152	22	745438	746038	4768804	4768202	7.84e-29	137
AE016958.1	AE016958.1	91.753	97	8	0	871168	871264	616186	616282	2.82e-28	135
AE016958.1	AE016958.1	91.753	97	8	0	616186	616282	871168	871264	2.82e-28	135
AE016958.1	AE016958.1	81.176	170	30	2	3597345	3597513	1590724	1590556	2.82e-28	135
AE016958.1	AE016958.1	81.176	170	30	2	1590556	1590724	3597513	3597345	2.82e-28	135
AE016958.1	AE016958.1	77.542	236	43	8	3535977	3536207	1665825	1666055	1.01e-27	134
AE016958.1	AE016958.1	77.542	236	43	8	1665825	1666055	3535977	3536207	1.01e-27	134
AE016958.1	AE016958.1	77.826	230	39	8	3364458	3364684	3364404	3364624	3.65e-27	132
AE016958.1	AE016958.1	77.826	230	39	8	3364404	3364624	3364458	3364684	3.65e-27	132
AE016958.1	AE016958.1	83.217	143	22	2	2016390	2016531	2012858	2012999	1.31e-26	130
AE016958.1	AE016958.1	83.217	143	22	2	2012858	2012999	2016390	2016531	1.31e-26	130
AE016958.1	AE016958.1	89.899	99	10	0	2305668	2305766	455414	455316	4.72e-26	128
AE016958.1	AE016958.1	89.899	99	10	0	2581908	2582006	871266	871168	4.72e-26	128
AE016958.1	AE016958.1	91.398	93	8	0	455322	455414	2305760	2305668	4.72e-26	128
AE016958.1	AE016958.1	89.899	99	10	0	871168	871266	2582006	2581908	4.72e-26	128
AE016958.1	AE016958.1	100.000	68	0	0	621690	621757	621635	621702	1.70e-25	126
AE016958.1	AE016958.1	100.000	68	0	0	621635	621702	621690	621757	1.70e-25	126
AE016958.1	AE016958.1	81.013	158	30	0	4367334	4367491	4054534	4054377	1.70e-25	126
AE016958.1	AE016958.1	83.226	155	9	8	4282618	4282759	4282459	4282609	1.70e-25	126
AE016958.1	AE016958.1	83.226	155	9	8	4282459	4282609	4282618	4282759	1.70e-25	126
AE016958.1	AE016958.1	81.013	158	30	0	4054377	4054534	4367491	4367334	1.70e-25	126
AE016958.1	AE016958.1	85.950	121	13	4	4422569	4422687	4422514	4422632	1.70e-25	126
AE016958.1	AE016958.1	85.833	120	15	2	4422514	4422632	4422569	4422687	1.70e-25	126
AE016958.1	AE016958.1	93.976	83	3	1	871266	871346	456689	456607	6.10e-25	124
AE016958.1	AE016958.1	96.104	77	1	1	456613	456689	871340	871266	6.10e-25	124
AE016958.1	AE016958.1	79.775	178	30	6	4624289	4624463	2706648	2706822	6.10e-25	124
AE016958.1	AE016958.1	79.775	178	30	6	2706648	2706822	4624289	4624463	6.10e-25	124
AE016958.1	AE016958.1	85.965	114	14	2	871168	871280	273889	273777	7.89e-24	121
AE016958.1	AE016958.1	100.000	65	0	0	871276	871340	614921	614985	7.89e-24	121
AE016958.1	AE016958.1	85.965	114	14	2	273777	273889	871280	871168	7.89e-24	121
AE016958.1	AE016958.1	100.000	65	0	0	614921	614985	871276	871340	7.89e-24	121
AE016958.1	AE016958.1	72.705	403	92	12	321843	322230	288667	288268	2.84e-23	119
AE016958.1	AE016958.1	75.934	241	52	5	288433	288670	322077	321840	2.84e-23	119
AE016958.1	AE016958.1	88.119	101	11	1	871168	871267	686814	686914	2.84e-23	119
AE016958.1	AE016958.1	88.119	101	11	1	686814	686914	871168	871267	2.84e-23	119
AE016958.1	AE016958.1	88.000	100	12	0	2305668	2305767	873965	874064	2.84e-23	119
AE016958.1	AE016958.1	88.000	100	12	0	873965	874064	2305668	2305767	2.84e-23	119
AE016958.1	AE016958.1	94.737	76	3	1	480168	480242	480111	480186	1.02e-22	117
AE016958.1	AE016958.1	94.737	76	3	1	480111	480186	480168	480242	1.02e-22	117
AE016958.1	AE016958.1	90.000	90	9	0	2305668	2305757	616184	616273	1.02e-22	117
AE016958.1	AE016958.1	90.000	90	9	0	616184	616273	2305668	2305757	1.02e-22	117
AE016958.1	AE016958.1	85.000	120	12	3	3364542	3364661	3364404	3364517	1.02e-22	117
AE016958.1	AE016958.1	85.000	120	12	3	3364404	3364517	3364542	3364661	1.02e-22	117
AE016958.1	AE016958.1	95.833	72	2	1	1487289	1487359	1487231	1487302	3.67e-22	115
AE016958.1	AE016958.1	95.833	72	2	1	1487231	1487302	1487289	1487359	3.67e-22	115
AE016958.1	AE016958.1	98.413	63	1	0	676211	676273	676154	676216	4.75e-21	111
AE016958.1	AE016958.1	98.413	63	1	0	676154	676216	676211	676273	4.75e-21	111
AE016958.1	AE016958.1	72.083	480	99	28	2706655	2707110	736678	736210	4.75e-21	111
AE016958.1	AE016958.1	71.730	474	110	23	4067977	4068438	2629774	2629313	4.75e-21	111
AE016958.1	AE016958.1	72.117	477	98	28	736213	736678	2707107	2706655	4.75e-21	111
AE016958.1	AE016958.1	71.730	474	110	23	2629313	2629774	4068438	4067977	4.75e-21	111
AE016958.1	AE016958.1	87.000	100	12	1	279174	279272	4279749	4279650	4.75e-21	111
AE016958.1	AE016958.1	98.413	63	1	0	4441946	4442008	4441893	4441955	4.75e-21	111
AE016958.1	AE016958.1	98.413	63	1	0	4441893	4441955	4441946	4442008	4.75e-21	111
AE016958.1	AE016958.1	82.308	130	20	3	1305879	1306007	85901	85774	1.71e-20	110
AE016958.1	AE016958.1	82.171	129	22	1	85774	85901	1306007	1305879	1.71e-20	110
AE016958.1	AE016958.1	71.516	488	115	19	3482086	3482561	3392868	3392393	1.71e-20	110
AE016958.1	AE016958.1	71.516	488	115	19	3392393	3392868	3482561	3482086	1.71e-20	110
AE016958.1	AE016958.1	75.926	216	50	2	3948066	3948280	3712658	3712444	1.71e-20	110
AE016958.1	AE016958.1	75.926	216	50	2	3712444	3712658	3948280	3948066	1.71e-20	110
AE016958.1	AE016958.1	75.210	238	51	8	749022	749255	538587	538820	2.21e-19	106
AE016958.1	AE016958.1	79.221	154	30	2	2477327	2477479	584468	584316	2.21e-19	106
AE016958.1	AE016958.1	75.210	238	51	8	538587	538820	749022	749255	2.21e-19	106
AE016958.1	AE016958.1	72.368	380	89	12	3392624	3392995	1306531	1306902	2.21e-19	106
AE016958.1	AE016958.1	79.730	148	28	2	584322	584468	2477473	2477327	2.21e-19	106
AE016958.1	AE016958.1	72.149	377	95	9	1306531	1306902	3392624	3392995	2.21e-19	106
AE016958.1	AE016958.1	96.825	63	1	1	1075136	1075198	456751	456690	7.95e-19	104
AE016958.1	AE016958.1	96.825	63	1	1	456690	456751	1075198	1075136	7.95e-19	104
AE016958.1	AE016958.1	73.538	325	65	17	4503358	4503672	1334487	1334174	7.95e-19	104
AE016958.1	AE016958.1	91.892	74	6	0	4020718	4020791	3253733	3253660	7.95e-19	104
AE016958.1	AE016958.1	91.892	74	6	0	4020718	4020791	3253786	3253713	7.95e-19	104
AE016958.1	AE016958.1	91.892	74	6	0	3253713	3253786	4020791	4020718	7.95e-19	104
AE016958.1	AE016958.1	91.892	74	6	0	3253660	3253733	4020791	4020718	7.95e-19	104
AE016958.1	AE016958.1	73.538	325	65	17	1334174	1334487	4503672	4503358	7.95e-19	104
AE016958.1	AE016958.1	80.272	147	19	9	4422052	4422193	1797112	1797253	2.86e-18	102
AE016958.1	AE016958.1	80.272	147	19	9	1797112	1797253	4422052	4422193	2.86e-18	102
AE016958.1	AE016958.1	98.246	57	1	0	279221	279277	279167	279223	1.03e-17	100
AE016958.1	AE016958.1	98.246	57	1	0	279167	279223	279221	279277	1.03e-17	100
AE016958.1	AE016958.1	82.645	121	13	8	2706632	2706748	688277	688161	1.03e-17	100
AE016958.1	AE016958.1	92.754	69	5	0	4393866	4393934	1018777	1018845	1.03e-17	100
AE016958.1	AE016958.1	69.658	847	213	33	2484745	2485569	1481039	1480215	1.03e-17	100
AE016958.1	AE016958.1	84.314	102	16	0	2297676	2297777	2296863	2296964	1.03e-17	100
AE016958.1	AE016958.1	84.314	102	16	0	2296863	2296964	2297676	2297777	1.03e-17	100
AE016958.1	AE016958.1	69.647	850	214	33	1480215	1481042	2485569	2484742	1.03e-17	100
AE016958.1	AE016958.1	82.645	121	13	8	688161	688277	2706748	2706632	1.03e-17	100
AE016958.1	AE016958.1	98.246	57	1	0	3253760	3253816	3253654	3253710	1.03e-17	100
AE016958.1	AE016958.1	98.246	57	1	0	3253654	3253710	3253760	3253816	1.03e-17	100
AE016958.1	AE016958.1	92.754	69	5	0	1018777	1018845	4393866	4393934	1.03e-17	100
AE016958.1	AE016958.1	87.952	83	10	0	488588	488670	488363	488445	3.70e-17	99.0
AE016958.1	AE016958.1	87.952	83	10	0	488363	488445	488588	488670	3.70e-17	99.0
AE016958.1	AE016958.1	81.897	116	21	0	4408239	4408354	1303056	1302941	3.70e-17	99.0
AE016958.1	AE016958.1	81.897	116	21	0	1302941	1303056	4408354	4408239	3.70e-17	99.0
AE016958.1	AE016958.1	91.549	71	5	1	4455189	4455258	255025	255095	1.33e-16	97.1
AE016958.1	AE016958.1	98.214	56	0	1	703906	703961	703849	703903	1.33e-16	97.1
AE016958.1	AE016958.1	98.214	56	0	1	703849	703903	703906	703961	1.33e-16	97.1
AE016958.1	AE016958.1	75.909	220	35	16	3682865	3683075	2833582	2833372	1.33e-16	97.1
AE016958.1	AE016958.1	78.235	170	23	8	3464931	3465087	2971118	2971286	1.33e-16	97.1
AE016958.1	AE016958.1	89.610	77	6	2	3126270	3126345	3125338	3125413	1.33e-16	97.1
AE016958.1	AE016958.1	89.610	77	6	2	3125338	3125413	3126270	3126345	1.33e-16	97.1
AE016958.1	AE016958.1	78.235	170	23	8	2971118	2971286	3464931	3465087	1.33e-16	97.1
AE016958.1	AE016958.1	76.303	211	32	16	2833381	2833582	3683066	3682865	1.33e-16	97.1
AE016958.1	AE016958.1	91.549	71	5	1	255025	255095	4455189	4455258	1.33e-16	97.1
AE016958.1	AE016958.1	91.304	69	5	1	1270316	1270384	1269394	1269461	1.72e-15	93.5
AE016958.1	AE016958.1	91.304	69	5	1	1269394	1269461	1270316	1270384	1.72e-15	93.5
AE016958.1	AE016958.1	80.833	120	21	2	2503263	2503381	1305994	1305876	1.72e-15	93.5
AE016958.1	AE016958.1	79.259	135	26	2	1305876	1306009	2503381	2503248	1.72e-15	93.5
AE016958.1	AE016958.1	91.549	71	1	4	4128720	4128787	4128687	4128755	1.72e-15	93.5
AE016958.1	AE016958.1	91.549	71	1	4	4128687	4128755	4128720	4128787	1.72e-15	93.5
AE016958.1	AE016958.1	83.673	98	16	0	1631801	1631898	4749195	4749098	1.72e-15	93.5
AE016958.1	AE016958.1	93.548	62	3	1	3355569	3355630	456692	456752	6.19e-15	91.6
AE016958.1	AE016958.1	70.537	577	135	29	2813084	2813641	1100743	1100183	6.19e-15	91.6
AE016958.1	AE016958.1	70.962	551	116	34	3030675	3031200	2740568	2740037	6.19e-15	91.6
AE016958.1	AE016958.1	70.328	610	146	29	1100183	1100776	2813641	2813051	6.19e-15	91.6
AE016958.1	AE016958.1	94.915	59	1	2	3404835	3404892	2860600	2860543	6.19e-15	91.6
AE016958.1	AE016958.1	93.548	62	2	2	3404835	3404895	2861517	2861457	6.19e-15	91.6
AE016958.1	AE016958.1	70.962	551	116	35	2740037	2740568	3031200	3030675	6.19e-15	91.6
AE016958.1	AE016958.1	93.548	62	3	1	456692	456752	3355569	3355630	6.19e-15	91.6
AE016958.1	AE016958.1	94.915	59	1	2	2861460	2861517	3404892	3404835	6.19e-15	91.6
AE016958.1	AE016958.1	94.915	59	1	2	2860543	2860600	3404892	3404835	6.19e-15	91.6
AE016958.1	AE016958.1	98.077	52	0	1	889494	889545	874071	874121	2.23e-14	89.8
AE016958.1	AE016958.1	98.077	52	0	1	874071	874121	889494	889545	2.23e-14	89.8
AE016958.1	AE016958.1	86.585	82	10	1	4356711	4356791	3291187	3291268	2.23e-14	89.8
AE016958.1	AE016958.1	100.000	48	0	0	3936504	3936551	3936458	3936505	2.23e-14	89.8
AE016958.1	AE016958.1	100.000	48	0	0	3936458	3936505	3936504	3936551	2.23e-14	89.8
AE016958.1	AE016958.1	86.585	82	10	1	3291187	3291268	4356711	4356791	2.23e-14	89.8
AE016958.1	AE016958.1	94.737	57	2	1	336801	336857	336684	336739	8.01e-14	87.9
AE016958.1	AE016958.1	94.737	57	2	1	336684	336739	336801	336857	8.01e-14	87.9
AE016958.1	AE016958.1	73.125	320	57	23	2594599	2594906	943096	943398	8.01e-14	87.9
AE016958.1	AE016958.1	96.296	54	1	1	3253756	3253809	1082505	1082453	8.01e-14	87.9
AE016958.1	AE016958.1	96.296	54	1	1	3253703	3253756	1082505	1082453	8.01e-14	87.9
AE016958.1	AE016958.1	98.000	50	1	0	3253654	3253703	1082502	1082453	8.01e-14	87.9
AE016958.1	AE016958.1	72.956	318	61	20	943096	943398	2594599	2594906	8.01e-14	87.9
AE016958.1	AE016958.1	98.000	50	1	0	1082453	1082502	3253703	3253654	8.01e-14	87.9
AE016958.1	AE016958.1	92.188	64	2	3	1082453	1082513	3253756	3253693	8.01e-14	87.9
AE016958.1	AE016958.1	92.188	64	2	3	1082453	1082513	3253809	3253746	8.01e-14	87.9
AE016958.1	AE016958.1	94.643	56	3	0	2854221	2854276	4277552	4277497	8.01e-14	87.9
AE016958.1	AE016958.1	82.653	98	16	1	3482858	3482954	3392097	3392000	2.88e-13	86.1
AE016958.1	AE016958.1	82.653	98	16	1	3392000	3392097	3482954	3482858	2.88e-13	86.1
AE016958.1	AE016958.1	91.935	62	4	1	2507809	2507869	4503997	4504058	2.88e-13	86.1
AE016958.1	AE016958.1	91.667	60	5	0	3355541	3355600	1075194	1075135	1.04e-12	84.2
AE016958.1	AE016958.1	90.476	63	6	0	1075135	1075197	3355600	3355538	1.04e-12	84.2
AE016958.1	AE016958.1	85.185	81	12	0	4408238	4408318	3482866	3482946	1.04e-12	84.2
AE016958.1	AE016958.1	85.185	81	12	0	3482866	3482946	4408238	4408318	1.04e-12	84.2
AE016958.1	AE016958.1	89.394	66	6	1	1671638	1671702	255029	255094	3.73e-12	82.4
AE016958.1	AE016958.1	92.857	56	4	0	1339814	1339869	255035	255090	3.73e-12	82.4
AE016958.1	AE016958.1	91.667	60	4	1	2679381	2679439	1195906	1195965	3.73e-12	82.4
AE016958.1	AE016958.1	92.857	56	4	0	255035	255090	1339814	1339869	3.73e-12	82.4
AE016958.1	AE016958.1	89.394	66	6	1	255029	255094	1671638	1671702	3.73e-12	82.4
AE016958.1	AE016958.1	91.667	60	4	1	1195906	1195965	2679381	2679439	3.73e-12	82.4
AE016958.1	AE016958.1	94.231	52	3	0	2829009	2829060	2828979	2829030	1.34e-11	80.5
AE016958.1	AE016958.1	94.231	52	3	0	2828979	2829030	2829009	2829060	1.34e-11	80.5
AE016958.1	AE016958.1	91.525	59	3	2	4734961	4735018	2860602	2860545	1.34e-11	80.5
AE016958.1	AE016958.1	91.525	59	3	2	4734961	4735018	2861519	2861462	1.34e-11	80.5
AE016958.1	AE016958.1	92.727	55	4	0	3355511	3355565	2960472	2960418	1.34e-11	80.5
AE016958.1	AE016958.1	86.667	75	7	3	1127805	1127877	4079374	4079301	1.34e-11	80.5
AE016958.1	AE016958.1	90.164	61	6	0	2370042	2370102	4507095	4507155	1.34e-11	80.5
AE016958.1	AE016958.1	91.525	59	3	2	2861462	2861519	4735018	4734961	1.34e-11	80.5
AE016958.1	AE016958.1	91.525	59	3	2	2860545	2860602	4735018	4734961	1.34e-11	80.5
AE016958.1	AE016958.1	91.379	58	3	2	4682784	4682840	456689	456745	4.82e-11	78.7
AE016958.1	AE016958.1	71.956	271	74	2	1286006	1286275	694771	695040	4.82e-11	78.7
AE016958.1	AE016958.1	72.059	272	72	4	694771	695040	1286006	1286275	4.82e-11	78.7
AE016958.1	AE016958.1	97.778	45	1	0	4020748	4020792	3124863	3124907	4.82e-11	78.7
AE016958.1	AE016958.1	100.000	42	0	0	3688889	3688930	3688831	3688872	4.82e-11	78.7
AE016958.1	AE016958.1	100.000	42	0	0	3688831	3688872	3688889	3688930	4.82e-11	78.7
AE016958.1	AE016958.1	97.778	45	1	0	3124863	3124907	4020748	4020792	4.82e-11	78.7
AE016958.1	AE016958.1	91.379	58	3	2	456689	456745	4682784	4682840	4.82e-11	78.7
AE016958.1	AE016958.1	87.879	66	6	2	4682785	4682849	1075198	1075134	1.73e-10	76.8
AE016958.1	AE016958.1	91.071	56	5	0	4455198	4455253	1339814	1339869	1.73e-10	76.8
AE016958.1	AE016958.1	72.277	303	65	16	4624296	4624590	1631890	1631599	1.73e-10	76.8
AE016958.1	AE016958.1	81.250	96	17	1	2706650	2706744	1631896	1631801	1.73e-10	76.8
AE016958.1	AE016958.1	80.808	99	18	1	1631801	1631899	2706744	2706647	1.73e-10	76.8
AE016958.1	AE016958.1	95.745	47	2	0	3859738	3859784	3124835	3124789	1.73e-10	76.8
AE016958.1	AE016958.1	92.593	54	3	1	3253760	3253812	3124913	3124860	1.73e-10	76.8
AE016958.1	AE016958.1	92.593	54	3	1	3124860	3124913	3253812	3253760	1.73e-10	76.8
AE016958.1	AE016958.1	97.727	44	1	0	4020748	4020791	3253809	3253766	1.73e-10	76.8
AE016958.1	AE016958.1	97.727	44	1	0	3253766	3253809	4020791	4020748	1.73e-10	76.8
AE016958.1	AE016958.1	91.071	56	5	0	1339814	1339869	4455198	4455253	1.73e-10	76.8
AE016958.1	AE016958.1	72.093	301	69	13	1631599	1631890	4624590	4624296	1.73e-10	76.8
AE016958.1	AE016958.1	91.228	57	3	2	1075143	1075198	4682840	4682785	1.73e-10	76.8
AE016958.1	AE016958.1	92.453	53	3	1	3253707	3253758	3124913	3124861	6.23e-10	75.0
AE016958.1	AE016958.1	92.453	53	3	1	3253654	3253705	3124913	3124861	6.23e-10	75.0
AE016958.1	AE016958.1	92.453	53	3	1	3124861	3124913	3253705	3253654	6.23e-10	75.0
AE016958.1	AE016958.1	92.453	53	3	1	3124861	3124913	3253758	3253707	6.23e-10	75.0
AE016958.1	AE016958.1	100.000	39	0	0	392225	392263	279212	279174	2.24e-09	73.1
AE016958.1	AE016958.1	100.000	39	0	0	279174	279212	392263	392225	2.24e-09	73.1
AE016958.1	AE016958.1	97.674	43	0	1	475768	475809	475710	475752	2.24e-09	73.1
AE016958.1	AE016958.1	97.674	43	0	1	475710	475752	475768	475809	2.24e-09	73.1
AE016958.1	AE016958.1	93.617	47	3	0	1195913	1195959	228521	228567	8.06e-09	71.3
AE016958.1	AE016958.1	87.302	63	7	1	621626	621687	347284	347346	8.06e-09	71.3
AE016958.1	AE016958.1	90.741	54	4	1	621690	621742	347293	347346	8.06e-09	71.3
AE016958.1	AE016958.1	87.302	63	7	1	347284	347346	621626	621687	8.06e-09	71.3
AE016958.1	AE016958.1	90.741	54	4	1	347293	347346	621690	621742	8.06e-09	71.3
AE016958.1	AE016958.1	88.525	61	4	2	3124855	3124913	1035887	1035828	8.06e-09	71.3
AE016958.1	AE016958.1	95.455	44	2	0	4020748	4020791	1035877	1035834	8.06e-09	71.3
AE016958.1	AE016958.1	93.617	47	3	0	228521	228567	1195913	1195959	8.06e-09	71.3
AE016958.1	AE016958.1	86.154	65	9	0	4455193	4455257	1671638	1671702	8.06e-09	71.3
AE016958.1	AE016958.1	97.561	41	1	0	550254	550294	3124790	3124830	8.06e-09	71.3
AE016958.1	AE016958.1	88.525	61	4	2	1035828	1035887	3124913	3124855	8.06e-09	71.3
AE016958.1	AE016958.1	95.455	44	2	0	1035834	1035877	4020791	4020748	8.06e-09	71.3
AE016958.1	AE016958.1	86.154	65	9	0	1671638	1671702	4455193	4455257	8.06e-09	71.3
AE016958.1	AE016958.1	95.349	43	2	0	1195915	1195957	1082453	1082495	2.90e-08	69.4
AE016958.1	AE016958.1	95.349	43	2	0	1082453	1082495	1195915	1195957	2.90e-08	69.4
AE016958.1	AE016958.1	97.500	40	1	0	1902721	1902760	1729735	1729774	2.90e-08	69.4
AE016958.1	AE016958.1	97.500	40	1	0	1729735	1729774	1902721	1902760	2.90e-08	69.4
AE016958.1	AE016958.1	97.436	39	1	0	392225	392263	279266	279228	1.04e-07	67.6
AE016958.1	AE016958.1	97.436	39	1	0	279228	279266	392263	392225	1.04e-07	67.6
AE016958.1	AE016958.1	95.238	42	2	0	3859742	3859783	550295	550254	1.04e-07	67.6
AE016958.1	AE016958.1	95.349	43	1	1	2679390	2679431	1082453	1082495	1.04e-07	67.6
AE016958.1	AE016958.1	100.000	36	0	0	2017271	2017306	2017214	2017249	1.04e-07	67.6
AE016958.1	AE016958.1	100.000	36	0	0	2017214	2017249	2017271	2017306	1.04e-07	67.6
AE016958.1	AE016958.1	100.000	36	0	0	2214333	2214368	2214368	2214333	1.04e-07	67.6
AE016958.1	AE016958.1	78.378	111	18	6	4618916	4619023	2466284	2466177	1.04e-07	67.6
AE016958.1	AE016958.1	95.349	43	1	1	1082453	1082495	2679390	2679431	1.04e-07	67.6
AE016958.1	AE016958.1	100.000	36	0	0	2904930	2904965	2904965	2904930	1.04e-07	67.6
AE016958.1	AE016958.1	97.436	39	1	0	550257	550295	3859780	3859742	1.04e-07	67.6
AE016958.1	AE016958.1	79.048	105	16	6	2466183	2466284	4619017	4618916	1.04e-07	67.6
AE016958.1	AE016958.1	91.489	47	4	0	2679398	2679444	2545112	2545066	3.75e-07	65.8
AE016958.1	AE016958.1	91.489	47	4	0	2545066	2545112	2679444	2679398	3.75e-07	65.8
AE016958.1	AE016958.1	100.000	34	0	0	2545079	2545112	1082495	1082462	1.35e-06	63.9
AE016958.1	AE016958.1	100.000	34	0	0	1082462	1082495	2545112	2545079	1.35e-06	63.9
AE016958.1	AE016958.1	88.679	53	4	2	4364064	4364116	2679387	2679437	1.35e-06	63.9
AE016958.1	AE016958.1	95.122	41	1	1	3804614	3804653	3804555	3804595	1.35e-06	63.9
AE016958.1	AE016958.1	95.122	41	1	1	3804555	3804595	3804614	3804653	1.35e-06	63.9
AE016958.1	AE016958.1	88.679	53	4	2	2679387	2679437	4364064	4364116	1.35e-06	63.9
AE016958.1	AE016958.1	91.304	46	3	1	4020743	4020787	541455	541500	4.85e-06	62.1
AE016958.1	AE016958.1	88.235	51	6	0	3731931	3731981	618827	618777	4.85e-06	62.1
AE016958.1	AE016958.1	85.000	60	9	0	2396817	2396876	1017005	1017064	4.85e-06	62.1
AE016958.1	AE016958.1	85.000	60	9	0	1017005	1017064	2396817	2396876	4.85e-06	62.1
AE016958.1	AE016958.1	88.235	51	6	0	618777	618827	3731981	3731931	4.85e-06	62.1
AE016958.1	AE016958.1	91.304	46	3	1	541455	541500	4020743	4020787	4.85e-06	62.1
AE016958.1	AE016958.1	89.583	48	5	0	279228	279275	4279749	4279702	4.85e-06	62.1
AE016958.1	AE016958.1	94.872	39	1	1	3253770	3253807	541500	541462	1.75e-05	60.2
AE016958.1	AE016958.1	94.872	39	1	1	3253717	3253754	541500	541462	1.75e-05	60.2
AE016958.1	AE016958.1	94.872	39	1	1	3253664	3253701	541500	541462	1.75e-05	60.2
AE016958.1	AE016958.1	97.143	35	1	0	3124865	3124899	541462	541496	1.75e-05	60.2
AE016958.1	AE016958.1	97.143	35	1	0	2436499	2436533	779898	779864	1.75e-05	60.2
AE016958.1	AE016958.1	92.683	41	3	0	3364639	3364679	898265	898305	1.75e-05	60.2
AE016958.1	AE016958.1	100.000	32	0	0	2363335	2363366	2363280	2363311	1.75e-05	60.2
AE016958.1	AE016958.1	100.000	32	0	0	2363280	2363311	2363335	2363366	1.75e-05	60.2
AE016958.1	AE016958.1	100.000	32	0	0	779867	779898	2436530	2436499	1.75e-05	60.2
AE016958.1	AE016958.1	97.143	35	1	0	541462	541496	3124865	3124899	1.75e-05	60.2
AE016958.1	AE016958.1	94.872	39	1	1	541462	541500	3253701	3253664	1.75e-05	60.2
AE016958.1	AE016958.1	94.872	39	1	1	541462	541500	3253754	3253717	1.75e-05	60.2
AE016958.1	AE016958.1	94.872	39	1	1	541462	541500	3253807	3253770	1.75e-05	60.2
AE016958.1	AE016958.1	92.683	41	3	0	898265	898305	3364639	3364679	1.75e-05	60.2
AE016958.1	AE016958.1	100.000	32	0	0	4293337	4293368	4289667	4289698	1.75e-05	60.2
AE016958.1	AE016958.1	100.000	32	0	0	4289667	4289698	4293337	4293368	1.75e-05	60.2
AE016958.1	AE016958.1	97.059	34	1	0	345839	345872	345782	345815	6.28e-05	58.4
AE016958.1	AE016958.1	97.059	34	1	0	345782	345815	345839	345872	6.28e-05	58.4
AE016958.1	AE016958.1	100.000	31	0	0	1082459	1082489	944975	945005	6.28e-05	58.4
AE016958.1	AE016958.1	100.000	31	0	0	1195921	1195951	944975	945005	6.28e-05	58.4
AE016958.1	AE016958.1	100.000	31	0	0	944975	945005	1082459	1082489	6.28e-05	58.4
AE016958.1	AE016958.1	100.000	31	0	0	944975	945005	1195921	1195951	6.28e-05	58.4
AE016958.1	AE016958.1	97.059	34	1	0	2545079	2545112	1195957	1195924	6.28e-05	58.4
AE016958.1	AE016958.1	92.500	40	3	0	1195924	1195963	2545112	2545073	6.28e-05	58.4
AE016958.1	AE016958.1	100.000	30	0	0	1180324	1180353	1180353	1180324	2.26e-04	56.5
AE016958.1	AE016958.1	81.818	66	12	0	4110755	4110820	1256006	1256071	2.26e-04	56.5
AE016958.1	AE016958.1	82.812	64	9	2	4321950	4322012	1410903	1410841	2.26e-04	56.5
AE016958.1	AE016958.1	100.000	30	0	0	3914351	3914380	3914380	3914351	2.26e-04	56.5
AE016958.1	AE016958.1	81.818	66	12	0	1256006	1256071	4110755	4110820	2.26e-04	56.5
AE016958.1	AE016958.1	84.483	58	7	2	1410847	1410903	4322006	4321950	2.26e-04	56.5
AE016958.1	AE016958.1	100.000	30	0	0	2998523	2998552	4504028	4504057	2.26e-04	56.5
AE016958.1	AE016958.1	100.000	29	0	0	2679397	2679425	944977	945005	8.12e-04	54.7
AE016958.1	AE016958.1	96.970	33	0	1	2507836	2507868	1780539	1780508	8.12e-04	54.7
AE016958.1	AE016958.1	96.970	33	0	1	1780508	1780539	2507868	2507836	8.12e-04	54.7
AE016958.1	AE016958.1	100.000	29	0	0	944977	945005	2679397	2679425	8.12e-04	54.7
AE016958.1	AE016958.1	100.000	29	0	0	1263122	1263150	2960474	2960446	8.12e-04	54.7
AE016958.1	AE016958.1	100.000	29	0	0	4507128	4507156	3722892	3722864	8.12e-04	54.7
AE016958.1	AE016958.1	100.000	29	0	0	3722864	3722892	4507156	4507128	8.12e-04	54.7
AE016958.1	AE016958.1	100.000	28	0	0	2545085	2545112	945005	944978	0.003	52.8
AE016958.1	AE016958.1	100.000	28	0	0	1486765	1486792	1258171	1258144	0.003	52.8
AE016958.1	AE016958.1	100.000	28	0	0	1258144	1258171	1486792	1486765	0.003	52.8
AE016958.1	AE016958.1	94.286	35	0	1	1667403	1667435	1667430	1667396	0.003	52.8
AE016958.1	AE016958.1	100.000	28	0	0	944978	945005	2545112	2545085	0.003	52.8
AE016958.1	AE016958.1	100.000	28	0	0	3719956	3719983	3719983	3719956	0.003	52.8
