AE016958.1	AL450380.1	86.841	7926	974	54	4602805	4610681	2277173	2269268	0.0	8794
AE016958.1	AL450380.1	93.564	5438	254	59	2747677	2753041	1346311	1340897	0.0	8015
AE016958.1	AL450380.1	80.723	9654	1733	87	2614277	2623878	1406264	1396687	0.0	7400
AE016958.1	AL450380.1	80.225	6579	1230	58	176139	182681	77477	84020	0.0	4876
AE016958.1	AL450380.1	78.028	7719	1518	119	2564158	2571785	1496743	1489112	0.0	4695
AE016958.1	AL450380.1	80.041	6398	1149	89	2755101	2761445	1338378	1332056	0.0	4623
AE016958.1	AL450380.1	79.831	5920	1089	74	2168281	2174146	1959878	1965746	0.0	4220
AE016958.1	AL450380.1	80.548	5511	1040	28	2771222	2776716	1322041	1316547	0.0	4209
AE016958.1	AL450380.1	78.450	6673	1271	119	448617	455180	265193	271807	0.0	4202
AE016958.1	AL450380.1	79.202	5717	1122	55	1643793	1649479	1867907	1862228	0.0	3908
AE016958.1	AL450380.1	83.720	4134	616	31	4638897	4643000	2242872	2238766	0.0	3853
AE016958.1	AL450380.1	78.882	5564	1068	82	2533548	2539048	1767599	1773118	0.0	3666
AE016958.1	AL450380.1	85.893	3431	470	13	2850778	2854204	1263447	1260027	0.0	3642
AE016958.1	AL450380.1	82.269	4213	668	45	1436152	1440308	1666993	1671182	0.0	3568
AE016958.1	AL450380.1	79.947	4902	927	36	1247768	1252639	720452	725327	0.0	3555
AE016958.1	AL450380.1	86.758	3051	373	23	4617744	4620768	2260141	2257096	0.0	3367
AE016958.1	AL450380.1	79.519	4780	870	76	3435436	3440163	2081644	2086366	0.0	3302
AE016958.1	AL450380.1	75.864	6542	1424	112	1232422	1238881	703254	709722	0.0	3190
AE016958.1	AL450380.1	81.065	4056	696	51	2201222	2205229	1992097	1996128	0.0	3169
AE016958.1	AL450380.1	80.323	4213	781	34	1171116	1175288	649622	653826	0.0	3144
AE016958.1	AL450380.1	85.134	3101	402	36	4698791	4701847	2347376	2344291	0.0	3118
AE016958.1	AL450380.1	79.097	4650	875	70	4356897	4361492	388919	384313	0.0	3112
AE016958.1	AL450380.1	78.373	4966	952	85	2469423	2474317	740023	735109	0.0	3109
AE016958.1	AL450380.1	83.309	3385	533	29	809043	812411	2572536	2569168	0.0	3092
AE016958.1	AL450380.1	77.009	5637	1120	134	261163	266694	153685	159250	0.0	3068
AE016958.1	AL450380.1	84.936	3027	424	17	3821306	3824316	836878	833868	0.0	3035
AE016958.1	AL450380.1	79.194	4494	825	77	3404901	3409339	2064077	2068515	0.0	3018
AE016958.1	AL450380.1	81.970	3583	610	30	1336217	1339781	1422967	1426531	0.0	3005
AE016958.1	AL450380.1	77.642	5090	1019	80	338838	343864	2760630	2765663	0.0	2985
AE016958.1	AL450380.1	87.686	2550	309	5	488270	490816	305974	308521	0.0	2964
AE016958.1	AL450380.1	79.798	4059	773	35	18741	22781	21101	25130	0.0	2909
AE016958.1	AL450380.1	76.484	5626	1156	121	3741392	3746947	908408	902880	0.0	2905
AE016958.1	AL450380.1	79.254	4208	794	62	2160352	2164500	1023876	1019689	0.0	2861
AE016958.1	AL450380.1	82.259	3303	554	23	4743914	4747206	480092	483372	0.0	2824
AE016958.1	AL450380.1	83.768	2994	446	29	3447756	3450737	2094326	2097291	0.0	2800
AE016958.1	AL450380.1	75.898	5821	1190	140	2096889	2102594	1081714	1075992	0.0	2780
AE016958.1	AL450380.1	80.939	3494	630	26	2947883	2951354	1803965	1807444	0.0	2730
AE016958.1	AL450380.1	74.813	6428	1432	135	2929422	2935757	1460618	1454286	0.0	2728
AE016958.1	AL450380.1	77.049	4967	996	106	13660	18561	15991	20878	0.0	2724
AE016958.1	AL450380.1	80.939	3452	636	13	3729416	3732856	920135	916695	0.0	2710
AE016958.1	AL450380.1	80.595	3566	627	46	1025479	1029004	328063	331603	0.0	2691
AE016958.1	AL450380.1	79.488	3910	706	64	3272559	3276407	1905551	1909425	0.0	2689
AE016958.1	AL450380.1	77.177	4719	1000	62	3891353	3896032	3209493	3204813	0.0	2676
AE016958.1	AL450380.1	78.972	3990	784	44	819045	823007	2560981	2557020	0.0	2669
AE016958.1	AL450380.1	78.783	4077	783	60	228482	232526	126572	130598	0.0	2662
AE016958.1	AL450380.1	77.993	4294	867	61	1377241	1381495	1445954	1450208	0.0	2623
AE016958.1	AL450380.1	80.527	3492	596	50	1259570	1263019	2198497	2195048	0.0	2604
AE016958.1	AL450380.1	80.411	3507	616	52	330098	333554	2750472	2753957	0.0	2604
AE016958.1	AL450380.1	83.192	2832	438	30	3722956	3725768	924534	921722	0.0	2558
AE016958.1	AL450380.1	80.103	3498	637	45	3537300	3540764	799519	796048	0.0	2549
AE016958.1	AL450380.1	77.796	4346	814	102	3144518	3148791	1194852	1190586	0.0	2540
AE016958.1	AL450380.1	77.859	4241	825	78	2761504	2765675	1332023	1327828	0.0	2525
AE016958.1	AL450380.1	82.182	2924	501	15	1202286	1205202	680842	683752	0.0	2495
AE016958.1	AL450380.1	79.010	3797	681	81	3970806	3974521	3154293	3150532	0.0	2490
AE016958.1	AL450380.1	82.514	2808	471	12	2198119	2200910	1989140	1991943	0.0	2447
AE016958.1	AL450380.1	81.310	3007	518	30	1684632	1687611	2475118	2472129	0.0	2399
AE016958.1	AL450380.1	80.498	3174	565	47	216061	219212	114109	117250	0.0	2383
AE016958.1	AL450380.1	82.567	2742	442	31	2205298	2208029	1996150	1998865	0.0	2383
AE016958.1	AL450380.1	82.999	2641	441	8	4314067	4316702	2965853	2963216	0.0	2383
AE016958.1	AL450380.1	79.957	3273	600	41	3049880	3053114	554430	557684	0.0	2359
AE016958.1	AL450380.1	79.169	3538	638	79	3364596	3368062	2028906	2032415	0.0	2359
AE016958.1	AL450380.1	83.576	2545	383	24	3026920	3029459	2332521	2335035	0.0	2351
AE016958.1	AL450380.1	77.102	4175	881	64	4097166	4101295	3069713	3065569	0.0	2344
AE016958.1	AL450380.1	82.059	2759	478	16	3655032	3657783	779900	777152	0.0	2337
AE016958.1	AL450380.1	78.055	3732	752	48	2791559	2795267	1305090	1301403	0.0	2292
AE016958.1	AL450380.1	78.271	3691	700	73	3121137	3124763	1599097	1595445	0.0	2279
AE016958.1	AL450380.1	78.878	3423	653	49	4483877	4487264	2883433	2880046	0.0	2252
AE016958.1	AL450380.1	79.504	3225	608	41	1463445	1466629	1687628	1690839	0.0	2244
AE016958.1	AL450380.1	77.651	3857	746	79	2005835	2009637	1587372	1583578	0.0	2241
AE016958.1	AL450380.1	79.338	3262	618	47	250501	253740	144119	147346	0.0	2239
AE016958.1	AL450380.1	85.775	2116	289	10	475758	477868	293585	295693	0.0	2230
AE016958.1	AL450380.1	84.252	2286	356	4	1095899	1098182	595673	597956	0.0	2224
AE016958.1	AL450380.1	82.975	2514	363	33	4295501	4297987	2973469	2970994	0.0	2211
AE016958.1	AL450380.1	79.753	3072	586	25	1221890	1224942	694879	697933	0.0	2194
AE016958.1	AL450380.1	81.638	2674	461	21	4463412	4466062	2897501	2894835	0.0	2191
AE016958.1	AL450380.1	79.128	3258	598	42	1129146	1132343	622158	625393	0.0	2174
AE016958.1	AL450380.1	78.571	3360	670	42	425349	428678	2724792	2721453	0.0	2170
AE016958.1	AL450380.1	79.654	3067	573	41	52365	55400	36179	39225	0.0	2159
AE016958.1	AL450380.1	80.851	2773	504	20	1151308	1154065	634660	637420	0.0	2154
AE016958.1	AL450380.1	76.832	3971	831	56	3360345	3364269	2024711	2028638	0.0	2154
AE016958.1	AL450380.1	78.523	3371	657	47	1519081	1522401	1624122	1627475	0.0	2152
AE016958.1	AL450380.1	85.059	2115	307	8	1430331	1432439	1661650	1663761	0.0	2146
AE016958.1	AL450380.1	77.768	3585	725	63	1084778	1088325	584381	587930	0.0	2139
AE016958.1	AL450380.1	78.633	3262	650	37	503405	506636	411213	414457	0.0	2119
AE016958.1	AL450380.1	77.286	3707	758	58	1360856	1364511	1438578	1442251	0.0	2104
AE016958.1	AL450380.1	77.464	3652	711	71	2087740	2091342	1090685	1087097	0.0	2082
AE016958.1	AL450380.1	77.267	3651	763	48	1459821	1463422	1680945	1684577	0.0	2082
AE016958.1	AL450380.1	80.530	2753	492	28	1417667	1420384	1652680	1655423	0.0	2074
AE016958.1	AL450380.1	81.029	2625	477	20	3190152	3192766	1822935	1825548	0.0	2069
AE016958.1	AL450380.1	82.188	2431	410	18	415363	417777	2734595	2732172	0.0	2069
AE016958.1	AL450380.1	83.297	2275	338	25	3220831	3223082	1016073	1013818	0.0	2058
AE016958.1	AL450380.1	86.940	1830	229	10	4048585	4050409	3135264	3137088	0.0	2047
AE016958.1	AL450380.1	82.428	2356	400	14	3035471	3037819	2340154	2342502	0.0	2045
AE016958.1	AL450380.1	80.588	2689	487	24	4667981	4670652	2222090	2219420	0.0	2041
AE016958.1	AL450380.1	78.953	3017	614	17	3372428	3375430	2036882	2039891	0.0	2034
AE016958.1	AL450380.1	84.965	2022	284	12	3237103	3239108	1880196	1882213	0.0	2032
AE016958.1	AL450380.1	83.424	2196	342	19	1700622	1702806	2460169	2457985	0.0	2019
AE016958.1	AL450380.1	81.192	2568	430	36	4374666	4377196	379944	377393	0.0	2017
AE016958.1	AL450380.1	80.662	2627	474	25	1467958	1470570	1692184	1694790	0.0	2006
AE016958.1	AL450380.1	76.176	3912	866	51	1384788	1388675	1504803	1508672	0.0	2001
AE016958.1	AL450380.1	81.355	2494	431	29	2556752	2559231	1788658	1791131	0.0	1999
AE016958.1	AL450380.1	78.170	3202	650	36	241568	244734	136577	139764	0.0	1995
AE016958.1	AL450380.1	79.392	2829	550	28	1693661	1696465	2466235	2463416	0.0	1964
AE016958.1	AL450380.1	81.613	2393	404	25	1167048	1169413	645430	647813	0.0	1949
AE016958.1	AL450380.1	78.056	3231	606	54	482784	485943	300472	303670	0.0	1943
AE016958.1	AL450380.1	85.971	1839	224	24	4395741	4397552	405318	407149	0.0	1936
AE016958.1	AL450380.1	77.791	3251	641	55	4517183	4520395	2698909	2702116	0.0	1929
AE016958.1	AL450380.1	77.109	3438	716	54	1501807	1505191	1606069	1609488	0.0	1923
AE016958.1	AL450380.1	81.898	2265	402	8	657378	659638	2629215	2626955	0.0	1905
AE016958.1	AL450380.1	75.900	3859	843	73	1512805	1516620	1617823	1621637	0.0	1893
AE016958.1	AL450380.1	81.137	2444	389	43	2547373	2549798	1779775	1782164	0.0	1893
AE016958.1	AL450380.1	84.478	1907	288	8	4109127	4111028	3057063	3055160	0.0	1875
AE016958.1	AL450380.1	80.279	2505	475	14	2942604	2945103	1797623	1800113	0.0	1871
AE016958.1	AL450380.1	78.959	2823	537	40	2549894	2552672	1782211	1785020	0.0	1869
AE016958.1	AL450380.1	82.755	2134	333	20	1285574	1287692	2180011	2177898	0.0	1869
AE016958.1	AL450380.1	80.207	2516	478	18	3998286	4000792	3090832	3093336	0.0	1869
AE016958.1	AL450380.1	79.190	2840	479	78	4579947	4582723	2295078	2292288	0.0	1868
AE016958.1	AL450380.1	83.558	2007	308	9	4732912	4734912	473142	475132	0.0	1858
AE016958.1	AL450380.1	78.723	2820	571	25	1226254	1229060	700213	703016	0.0	1857
AE016958.1	AL450380.1	79.026	2751	531	33	4105943	4108679	3060328	3057610	0.0	1842
AE016958.1	AL450380.1	78.414	2900	560	47	255184	258061	148676	151531	0.0	1827
AE016958.1	AL450380.1	81.420	2239	406	9	1795838	1798071	2372036	2369803	0.0	1821
AE016958.1	AL450380.1	78.780	2771	543	33	1020371	1023120	323458	326204	0.0	1818
AE016958.1	AL450380.1	82.384	2106	348	12	1266236	1268328	2191612	2189517	0.0	1812
AE016958.1	AL450380.1	78.963	2757	497	53	948093	950827	240218	242913	0.0	1801
AE016958.1	AL450380.1	83.861	1896	298	8	2018109	2020000	1570073	1568182	0.0	1799
AE016958.1	AL450380.1	79.037	2657	529	26	456766	459408	273294	275936	0.0	1796
AE016958.1	AL450380.1	78.582	2694	558	19	4005519	4008202	3098002	3100686	0.0	1760
AE016958.1	AL450380.1	83.919	1822	285	8	3779201	3781018	869509	867692	0.0	1735
AE016958.1	AL450380.1	80.747	2249	408	18	2150954	2153193	1031280	1029048	0.0	1731
AE016958.1	AL450380.1	79.439	2495	475	25	2996049	2998514	1130259	1127774	0.0	1731
AE016958.1	AL450380.1	82.642	1930	335	0	1200273	1202202	678856	680785	0.0	1709
AE016958.1	AL450380.1	77.076	3119	617	70	3689267	3692325	954854	951774	0.0	1709
AE016958.1	AL450380.1	77.782	2831	586	34	1393673	1396483	1515475	1518282	0.0	1703
AE016958.1	AL450380.1	81.535	2085	369	14	850554	852628	2526209	2524131	0.0	1703
AE016958.1	AL450380.1	79.281	2505	465	36	3756888	3759367	891275	888800	0.0	1701
AE016958.1	AL450380.1	82.991	1899	298	16	4721173	4723056	462958	464846	0.0	1694
AE016958.1	AL450380.1	81.280	2110	359	27	3379039	3381118	2044342	2046445	0.0	1676
AE016958.1	AL450380.1	82.299	1966	319	14	333676	335615	2754483	2756445	0.0	1676
AE016958.1	AL450380.1	82.889	1876	306	14	2464698	2466567	744656	742790	0.0	1672
AE016958.1	AL450380.1	77.658	2793	587	28	1525830	1528619	1630484	1633242	0.0	1666
AE016958.1	AL450380.1	77.892	2818	524	67	75095	77851	3234003	3231224	0.0	1661
AE016958.1	AL450380.1	77.567	2893	550	67	3246439	3249291	1886298	1889131	0.0	1655
AE016958.1	AL450380.1	77.819	2714	576	25	840451	843153	2538542	2535844	0.0	1653
AE016958.1	AL450380.1	83.333	1794	288	8	2142292	2144078	1039400	1037611	0.0	1646
AE016958.1	AL450380.1	79.088	2434	474	28	1256794	1259200	2201380	2198955	0.0	1642
AE016958.1	AL450380.1	80.070	2283	398	45	4282960	4285221	2982405	2980159	0.0	1642
AE016958.1	AL450380.1	80.154	2212	409	26	3836194	3838390	3210690	3212886	0.0	1626
AE016958.1	AL450380.1	79.191	2398	441	36	1273242	1275593	2185605	2183220	0.0	1611
AE016958.1	AL450380.1	80.297	2157	404	11	4450423	4452561	2904623	2902470	0.0	1609
AE016958.1	AL450380.1	77.505	2765	565	41	2092400	2095143	1085972	1083244	0.0	1607
AE016958.1	AL450380.1	73.563	4558	1059	100	2212472	2216934	2155718	2160224	0.0	1607
AE016958.1	AL450380.1	86.135	1493	202	5	4651973	4653461	2233226	2231735	0.0	1605
AE016958.1	AL450380.1	79.615	2286	425	32	3775073	3777336	873676	871410	0.0	1602
AE016958.1	AL450380.1	74.878	3690	834	82	1680950	1684592	2478856	2475213	0.0	1592
AE016958.1	AL450380.1	89.237	1245	131	3	4620902	4622144	2257024	2255781	0.0	1554
AE016958.1	AL450380.1	81.115	1991	331	27	2117176	2119144	1062976	1061009	0.0	1552
AE016958.1	AL450380.1	78.344	2415	489	26	1009365	1011762	312283	314680	0.0	1531
AE016958.1	AL450380.1	82.056	1800	300	17	3801323	3803109	853706	851917	0.0	1513
AE016958.1	AL450380.1	78.719	2326	450	26	4588797	4591107	2284544	2282249	0.0	1511
AE016958.1	AL450380.1	77.140	2734	536	62	1270475	1273150	2188348	2185646	0.0	1504
AE016958.1	AL450380.1	79.419	2167	414	24	418573	420714	2731336	2729177	0.0	1502
AE016958.1	AL450380.1	81.392	1854	329	16	2102680	2104525	1075857	1074012	0.0	1498
AE016958.1	AL450380.1	83.656	1603	250	10	2165058	2166654	1094209	1095805	0.0	1498
AE016958.1	AL450380.1	83.828	1583	249	6	2015641	2017221	1575474	1573897	0.0	1498
AE016958.1	AL450380.1	85.816	1410	198	2	2012204	2013612	1581160	1579752	0.0	1495
AE016958.1	AL450380.1	76.386	2922	600	61	3753359	3756240	894782	891911	0.0	1491
AE016958.1	AL450380.1	81.854	1769	315	5	1113447	1115213	606828	608592	0.0	1483
AE016958.1	AL450380.1	81.818	1804	292	28	2531310	2533092	1765392	1767180	0.0	1482
AE016958.1	AL450380.1	81.702	1798	307	9	3387788	3389567	2053136	2054929	0.0	1478
AE016958.1	AL450380.1	74.638	3454	818	50	2843815	2847231	1270129	1266697	0.0	1472
AE016958.1	AL450380.1	75.958	2949	656	41	2577255	2580184	1485777	1482863	0.0	1469
AE016958.1	AL450380.1	81.003	1895	313	41	3288733	3290600	1922357	1924231	0.0	1461
AE016958.1	AL450380.1	81.633	1813	287	34	66392	68173	3242519	3240722	0.0	1461
AE016958.1	AL450380.1	78.445	2264	458	22	2720174	2722428	1370853	1368611	0.0	1450
AE016958.1	AL450380.1	78.531	2287	425	49	1690453	1692702	2469324	2467067	0.0	1443
AE016958.1	AL450380.1	74.398	3527	827	61	4819953	4823436	3258283	3261776	0.0	1441
AE016958.1	AL450380.1	75.279	3135	708	45	4811575	4814686	3249886	3252976	0.0	1434
AE016958.1	AL450380.1	77.894	2393	467	41	923669	926022	218180	220549	0.0	1432
AE016958.1	AL450380.1	79.812	2021	365	29	4330372	4332356	363308	361295	0.0	1432
AE016958.1	AL450380.1	76.525	2803	551	82	4724941	4727674	465200	467964	0.0	1432
AE016958.1	AL450380.1	79.063	2092	430	8	7691	9778	8966	11053	0.0	1430
AE016958.1	AL450380.1	84.168	1478	230	3	3185379	3186854	1147116	1145641	0.0	1430
AE016958.1	AL450380.1	78.565	2244	428	30	1516779	1518986	1621753	1623979	0.0	1430
AE016958.1	AL450380.1	83.049	1581	262	6	660777	662354	2622235	2620658	0.0	1430
AE016958.1	AL450380.1	76.226	2835	593	58	4509479	4512265	2690714	2693515	0.0	1426
AE016958.1	AL450380.1	78.957	2110	430	12	2574661	2576763	1488302	1486200	0.0	1424
AE016958.1	AL450380.1	78.021	2334	455	43	3747059	3749357	902764	900454	0.0	1415
AE016958.1	AL450380.1	81.748	1693	302	6	4026804	4028492	3113021	3114710	0.0	1408
AE016958.1	AL450380.1	77.293	2453	504	40	972032	974458	257035	259460	0.0	1395
AE016958.1	AL450380.1	82.939	1565	249	12	3377460	3379020	2042718	2044268	0.0	1395
AE016958.1	AL450380.1	76.194	2722	585	47	858413	861094	2520438	2517740	0.0	1378
AE016958.1	AL450380.1	79.185	2013	400	17	4481297	4483298	2886091	2884087	0.0	1378
AE016958.1	AL450380.1	80.328	1830	351	8	1661747	1663572	1853565	1851741	0.0	1376
AE016958.1	AL450380.1	81.002	1737	314	15	2135412	2137143	1045927	1044202	0.0	1365
AE016958.1	AL450380.1	79.255	1986	386	21	226512	228486	124567	126537	0.0	1362
AE016958.1	AL450380.1	80.139	1868	330	24	2888164	2890015	1230600	1228758	0.0	1356
AE016958.1	AL450380.1	79.156	1967	386	21	956199	958158	248084	250033	0.0	1339
AE016958.1	AL450380.1	78.496	2074	424	19	2521877	2523939	1759304	1761366	0.0	1339
AE016958.1	AL450380.1	79.023	2026	366	39	336809	338813	2757679	2759666	0.0	1332
AE016958.1	AL450380.1	80.716	1732	309	18	3751632	3753343	896551	894825	0.0	1325
AE016958.1	AL450380.1	77.462	2285	469	25	3703291	3705567	936785	934539	0.0	1325
AE016958.1	AL450380.1	77.479	2269	473	34	2174488	2176735	1965979	1968230	0.0	1325
AE016958.1	AL450380.1	77.079	2513	438	88	1454248	1456683	1675419	1677870	0.0	1323
AE016958.1	AL450380.1	81.231	1625	304	1	635785	637408	2648959	2647335	0.0	1310
AE016958.1	AL450380.1	78.550	2000	419	10	1011911	1013904	314920	316915	0.0	1308
AE016958.1	AL450380.1	84.947	1322	164	27	4637571	4638881	2244212	2242915	0.0	1306
AE016958.1	AL450380.1	78.746	1962	393	22	2862151	2864100	1252685	1250736	0.0	1291
AE016958.1	AL450380.1	79.145	1894	371	20	3133239	3135126	1203073	1201198	0.0	1288
AE016958.1	AL450380.1	85.127	1264	182	5	2768109	2769366	1325164	1323901	0.0	1288
AE016958.1	AL450380.1	81.048	1641	288	16	2391952	2393581	761719	760091	0.0	1286
AE016958.1	AL450380.1	82.317	1493	248	10	3734443	3735933	915101	913623	0.0	1280
AE016958.1	AL450380.1	80.842	1639	304	10	3522571	3524204	807512	805879	0.0	1279
AE016958.1	AL450380.1	79.305	1870	342	27	2882447	2884291	1234559	1232710	0.0	1267
AE016958.1	AL450380.1	78.507	1996	378	39	2120248	2122206	1059893	1057912	0.0	1262
AE016958.1	AL450380.1	81.064	1616	264	26	1177336	1178935	657960	659549	0.0	1251
AE016958.1	AL450380.1	77.232	2218	452	45	1356912	1359098	1434680	1436875	0.0	1249
AE016958.1	AL450380.1	82.798	1401	236	5	1069479	1070877	2867352	2865955	0.0	1247
AE016958.1	AL450380.1	79.536	1769	339	16	3269917	3271675	1901946	1903701	0.0	1240
AE016958.1	AL450380.1	77.400	2146	438	34	3663521	3665638	771238	769112	0.0	1232
AE016958.1	AL450380.1	84.432	1259	175	11	3148913	3150164	1190428	1189184	0.0	1219
AE016958.1	AL450380.1	82.504	1406	228	14	4416342	4417733	2856885	2858286	0.0	1218
AE016958.1	AL450380.1	74.806	2838	645	63	2111463	2114258	1067127	1064318	0.0	1216
AE016958.1	AL450380.1	76.899	2212	464	34	2598300	2600482	530799	528606	0.0	1210
AE016958.1	AL450380.1	78.003	1973	399	26	597336	599283	2679046	2677084	0.0	1206
AE016958.1	AL450380.1	83.476	1289	210	3	2753177	2754464	1340827	1339541	0.0	1197
AE016958.1	AL450380.1	82.969	1327	222	4	3033028	3034352	2337612	2338936	0.0	1195
AE016958.1	AL450380.1	84.457	1216	183	4	1179060	1180272	659718	660930	0.0	1194
AE016958.1	AL450380.1	78.845	1801	358	21	1062790	1064582	2873600	2871815	0.0	1194
AE016958.1	AL450380.1	78.497	1823	388	4	2800233	2802053	1296579	1294759	0.0	1192
AE016958.1	AL450380.1	79.771	1661	318	16	1324464	1326109	1410848	1412505	0.0	1190
AE016958.1	AL450380.1	79.965	1692	276	39	3223182	3224866	1013777	1012142	0.0	1188
AE016958.1	AL450380.1	80.937	1516	275	13	2367619	2369129	980232	978726	0.0	1186
AE016958.1	AL450380.1	77.510	2032	417	26	269201	271221	160512	162514	0.0	1184
AE016958.1	AL450380.1	79.787	1687	296	27	4512375	4514022	2693785	2695465	0.0	1184
AE016958.1	AL450380.1	76.941	2190	433	48	951457	953611	243441	245593	0.0	1181
AE016958.1	AL450380.1	77.846	1941	402	27	3832044	3833970	824032	822106	0.0	1177
AE016958.1	AL450380.1	77.985	1926	383	27	2872472	2874382	1242671	1240772	0.0	1170
AE016958.1	AL450380.1	79.669	1633	314	14	1345733	1347359	1427910	1429530	0.0	1160
AE016958.1	AL450380.1	78.568	1829	343	35	2276934	2278724	1947314	1945497	0.0	1160
AE016958.1	AL450380.1	79.720	1642	303	24	4501426	4503047	2683292	2684923	0.0	1160
AE016958.1	AL450380.1	81.528	1440	236	24	3732927	3734345	916555	915125	0.0	1158
AE016958.1	AL450380.1	79.191	1706	325	18	1242909	1244590	714234	715933	0.0	1157
AE016958.1	AL450380.1	85.599	1111	139	12	4582811	4583920	2292239	2291149	0.0	1146
AE016958.1	AL450380.1	80.798	1479	263	18	345986	347456	2767668	2769133	0.0	1138
AE016958.1	AL450380.1	79.401	1636	316	15	514680	516312	424889	426506	0.0	1134
AE016958.1	AL450380.1	78.660	1776	330	36	2021212	2022962	1566952	1565201	0.0	1134
AE016958.1	AL450380.1	79.714	1607	297	19	4694741	4696333	2349913	2348322	0.0	1134
AE016958.1	AL450380.1	81.679	1370	243	7	1711069	1712434	2453574	2452209	0.0	1133
AE016958.1	AL450380.1	77.061	2014	412	29	478159	480130	295945	297950	0.0	1114
AE016958.1	AL450380.1	77.784	1841	386	16	4814901	4816727	3253147	3254978	0.0	1112
AE016958.1	AL450380.1	86.847	996	127	4	3443084	3444077	2090614	2091607	0.0	1110
AE016958.1	AL450380.1	79.675	1540	299	14	233878	235410	131884	133416	0.0	1098
AE016958.1	AL450380.1	81.213	1368	248	3	3167975	3169333	1166704	1165337	0.0	1094
AE016958.1	AL450380.1	84.512	1117	160	12	66392	67502	492725	493834	0.0	1092
AE016958.1	AL450380.1	77.991	1772	363	24	2157335	2159091	1026741	1024982	0.0	1086
AE016958.1	AL450380.1	79.482	1545	306	11	377416	378954	2743349	2741810	0.0	1086
AE016958.1	AL450380.1	78.567	1661	341	13	1015348	1017001	318203	319855	0.0	1081
AE016958.1	AL450380.1	82.212	1248	219	2	2013936	2015183	1577078	1575834	0.0	1072
AE016958.1	AL450380.1	79.151	1578	305	20	4081226	4082792	3074052	3072488	0.0	1070
AE016958.1	AL450380.1	77.957	1733	350	19	1144622	1146325	627741	629470	0.0	1055
AE016958.1	AL450380.1	79.862	1445	285	6	4807774	4809214	3248298	3249740	0.0	1051
AE016958.1	AL450380.1	81.164	1306	242	4	1031222	1032525	333790	335093	0.0	1046
AE016958.1	AL450380.1	79.972	1428	267	15	4461953	4463373	2898985	2897570	0.0	1035
AE016958.1	AL450380.1	76.923	1911	377	38	2462014	2463892	746630	744752	0.0	1027
AE016958.1	AL450380.1	85.484	992	136	6	2137198	2138185	1044177	1043190	0.0	1027
AE016958.1	AL450380.1	74.605	2532	546	64	2722588	2725073	1366580	1364100	0.0	1024
AE016958.1	AL450380.1	76.861	1854	396	21	3131167	3132998	1207221	1205379	0.0	1016
AE016958.1	AL450380.1	82.877	1133	190	4	662397	663527	2620555	2619425	0.0	1014
AE016958.1	AL450380.1	79.593	1426	282	5	2154680	2156096	1028723	1027298	0.0	1013
AE016958.1	AL450380.1	81.743	1216	208	13	2349660	2350868	1000170	998962	0.0	1003
AE016958.1	AL450380.1	79.705	1424	261	23	1264700	1266115	2193248	2191845	0.0	1003
AE016958.1	AL450380.1	77.685	1676	352	18	494233	495900	2306844	2305183	0.0	1003
AE016958.1	AL450380.1	75.283	2298	464	67	568697	570941	437022	439268	0.0	1002
AE016958.1	AL450380.1	80.433	1339	239	16	2216997	2218326	2160255	2161579	0.0	1000
AE016958.1	AL450380.1	76.483	1939	393	47	4042619	4044527	3130285	3132190	0.0	996
AE016958.1	AL450380.1	79.096	1483	277	27	2769736	2771196	1323576	1322105	0.0	990
AE016958.1	AL450380.1	81.047	1261	219	13	4439216	4440469	2917888	2916641	0.0	987
AE016958.1	AL450380.1	85.373	964	126	7	4653478	4654426	2231656	2230693	0.0	985
AE016958.1	AL450380.1	79.640	1390	266	16	4715366	4716743	457920	459304	0.0	983
AE016958.1	AL450380.1	80.829	1278	222	12	202137	203410	102105	103363	0.0	981
AE016958.1	AL450380.1	73.877	2515	629	25	1944	4443	1923	4424	0.0	979
AE016958.1	AL450380.1	79.578	1376	274	7	1714942	1716314	2449773	2448402	0.0	977
AE016958.1	AL450380.1	80.090	1326	253	6	1088487	1089811	588068	589383	0.0	976
AE016958.1	AL450380.1	80.632	1265	237	7	4440552	4441810	2916579	2915317	0.0	972
AE016958.1	AL450380.1	79.822	1348	257	8	3661454	3662798	773404	772069	0.0	968
AE016958.1	AL450380.1	80.015	1321	250	13	2612880	2614196	1407688	1406378	0.0	965
AE016958.1	AL450380.1	83.497	1018	164	4	679332	680347	2601430	2600415	0.0	946
AE016958.1	AL450380.1	85.909	880	124	0	3045768	3046647	550189	551068	0.0	939
AE016958.1	AL450380.1	79.090	1406	263	24	3682282	3683667	961858	960464	0.0	939
AE016958.1	AL450380.1	82.304	1085	182	9	4601698	4602777	2278340	2277261	0.0	931
AE016958.1	AL450380.1	79.769	1300	243	18	4072698	4073988	3082718	3081430	0.0	926
AE016958.1	AL450380.1	83.185	1011	166	4	1268333	1269341	2189476	2188468	0.0	922
AE016958.1	AL450380.1	83.418	983	163	0	3240428	3241410	1883597	1884579	0.0	913
AE016958.1	AL450380.1	77.017	1636	336	36	4448470	4450078	2906709	2905087	0.0	902
AE016958.1	AL450380.1	76.724	1697	340	38	4381786	4383447	2311369	2309693	0.0	894
AE016958.1	AL450380.1	81.509	1087	199	2	2603450	2604535	526146	525061	0.0	893
AE016958.1	AL450380.1	84.454	907	135	4	2076232	2077134	1548675	1547771	0.0	889
AE016958.1	AL450380.1	77.154	1602	317	33	3343904	3345468	2012886	2014475	0.0	885
AE016958.1	AL450380.1	81.171	1110	197	5	1169993	1171093	648409	649515	0.0	881
AE016958.1	AL450380.1	78.520	1392	262	28	3305210	3306584	1935517	1936888	0.0	880
AE016958.1	AL450380.1	80.306	1178	219	7	2025073	2026239	1563113	1561938	0.0	878
AE016958.1	AL450380.1	76.166	1737	369	35	1746870	1748585	2433774	2432062	0.0	872
AE016958.1	AL450380.1	80.565	1132	216	4	2871243	2872372	1244882	1243753	0.0	869
AE016958.1	AL450380.1	79.183	1249	258	2	2073222	2074469	1551383	1550136	0.0	865
AE016958.1	AL450380.1	80.034	1182	220	14	3768368	3769541	879022	877849	0.0	861
AE016958.1	AL450380.1	80.410	1123	216	4	1091097	1092217	590684	591804	0.0	852
AE016958.1	AL450380.1	80.122	1147	217	10	3184096	3185236	1148309	1147168	0.0	845
AE016958.1	AL450380.1	82.335	968	171	0	2899601	2900568	1223662	1222695	0.0	841
AE016958.1	AL450380.1	77.048	1538	303	38	2196282	2197787	1987241	1988760	0.0	839
AE016958.1	AL450380.1	81.782	999	182	0	4038779	4039777	3126467	3127465	0.0	837
AE016958.1	AL450380.1	82.268	970	162	9	3827848	3828812	829001	828037	0.0	830
AE016958.1	AL450380.1	78.956	1226	250	8	3219475	3220696	1017476	1016255	0.0	828
AE016958.1	AL450380.1	83.204	905	146	5	4586875	4587776	2288514	2287613	0.0	824
AE016958.1	AL450380.1	76.251	1579	351	18	954535	956094	246447	248020	0.0	817
AE016958.1	AL450380.1	77.516	1441	270	39	1246349	1247763	717877	719289	0.0	817
AE016958.1	AL450380.1	75.165	1816	395	44	2554838	2556628	1786726	1788510	0.0	804
AE016958.1	AL450380.1	78.653	1232	248	14	1743429	1744653	2436783	2435560	0.0	804
AE016958.1	AL450380.1	75.774	1680	356	41	4434499	4436154	2922484	2920832	0.0	800
AE016958.1	AL450380.1	78.014	1319	257	26	3777765	3779066	870918	869616	0.0	798
AE016958.1	AL450380.1	83.431	857	142	0	2041991	2042847	1556674	1555818	0.0	797
AE016958.1	AL450380.1	79.284	1173	216	20	3817885	3819050	838769	837617	0.0	795
AE016958.1	AL450380.1	73.068	2484	576	80	1354281	1356726	1432144	1434572	0.0	795
AE016958.1	AL450380.1	78.790	1207	224	19	2560116	2561295	1499339	1498138	0.0	782
AE016958.1	AL450380.1	81.087	994	173	13	1092373	1093354	592025	593015	0.0	780
AE016958.1	AL450380.1	82.910	866	144	4	1074175	1075038	2862487	2861624	0.0	776
AE016958.1	AL450380.1	82.614	880	142	10	24270	25145	26581	27453	0.0	767
AE016958.1	AL450380.1	77.464	1309	276	16	22917	24213	25291	26592	0.0	765
AE016958.1	AL450380.1	84.896	768	105	8	4584018	4584777	2291078	2290314	0.0	765
AE016958.1	AL450380.1	77.080	1370	270	32	663699	665031	2619236	2617874	0.0	750
AE016958.1	AL450380.1	80.947	950	169	11	1764583	1765529	2419570	2418630	0.0	741
AE016958.1	AL450380.1	80.039	1032	172	26	2086200	2087206	1092149	1091127	0.0	734
AE016958.1	AL450380.1	80.652	951	180	4	2859570	2860518	1254286	1253338	0.0	734
AE016958.1	AL450380.1	73.830	2136	436	101	3038686	3040739	2942981	2940887	0.0	734
AE016958.1	AL450380.1	81.465	901	159	6	4454156	4455053	2900861	2899966	0.0	732
AE016958.1	AL450380.1	84.501	742	109	5	3429177	3429915	2074934	2075672	0.0	728
AE016958.1	AL450380.1	85.349	703	101	2	3280958	3281659	1915481	1916182	0.0	726
AE016958.1	AL450380.1	73.150	2365	500	81	3711746	3714044	933189	930894	0.0	725
AE016958.1	AL450380.1	85.631	689	99	0	422392	423080	2727588	2726900	0.0	725
AE016958.1	AL450380.1	86.454	657	86	1	2133736	2134392	1047570	1046917	0.0	717
AE016958.1	AL450380.1	79.918	981	192	5	2144116	2145094	1037409	1036432	0.0	715
AE016958.1	AL450380.1	78.224	1171	213	29	232637	233774	130655	131816	0.0	712
AE016958.1	AL450380.1	77.583	1200	254	15	253753	254945	147441	148632	0.0	712
AE016958.1	AL450380.1	83.206	786	123	9	1075209	1075990	576309	577089	0.0	712
AE016958.1	AL450380.1	81.861	849	148	6	3056926	3057771	558366	559211	0.0	710
AE016958.1	AL450380.1	83.620	757	111	4	3177784	3178538	1153669	1152924	0.0	699
AE016958.1	AL450380.1	80.286	908	177	2	1656043	1656949	1859201	1858295	0.0	684
AE016958.1	AL450380.1	92.181	486	30	7	686919	687399	2595059	2594577	0.0	680
AE016958.1	AL450380.1	78.578	1083	194	26	1072942	1074003	2863727	2862662	0.0	680
AE016958.1	AL450380.1	82.937	756	125	4	4318096	4318849	2963190	2962437	0.0	678
AE016958.1	AL450380.1	79.163	1027	176	18	459501	460491	280098	279074	0.0	676
AE016958.1	AL450380.1	81.965	804	139	5	3196221	3197021	1833016	1833816	0.0	676
AE016958.1	AL450380.1	74.906	1594	341	45	618315	619868	2658008	2656434	0.0	673
AE016958.1	AL450380.1	78.444	1067	205	12	867900	868958	2966639	2967688	0.0	673
AE016958.1	AL450380.1	82.632	760	128	4	2854350	2855107	1259983	1259226	0.0	669
AE016958.1	AL450380.1	75.234	1498	326	35	674674	676145	2605752	2604274	0.0	669
AE016958.1	AL450380.1	82.888	748	124	4	78825	79570	3231066	3230321	0.0	669
AE016958.1	AL450380.1	77.972	1144	196	37	4713701	4714798	456318	457451	0.0	665
AE016958.1	AL450380.1	73.704	1852	426	48	4020799	4022624	3108452	3110268	0.0	665
AE016958.1	AL450380.1	81.681	797	134	8	1410016	1410807	1531685	1532474	0.0	652
AE016958.1	AL450380.1	80.116	865	164	7	4424637	4425497	2932922	2932062	1.19e-179	638
AE016958.1	AL450380.1	74.730	1480	341	29	3484598	3486056	1006551	1008018	2.00e-177	630
AE016958.1	AL450380.1	79.838	863	174	0	1467070	1467932	1691204	1692066	2.00e-177	630
AE016958.1	AL450380.1	78.244	1025	192	19	193039	194050	92586	93592	7.18e-177	628
AE016958.1	AL450380.1	79.349	891	173	9	2375493	2376376	764368	763482	5.59e-173	616
AE016958.1	AL450380.1	82.303	712	122	3	4441968	4442679	2915203	2914496	2.01e-172	614
AE016958.1	AL450380.1	91.837	441	32	2	3519851	3520287	809423	808983	7.23e-172	612
AE016958.1	AL450380.1	78.342	965	193	13	4490320	4491280	2878242	2877290	2.60e-171	610
AE016958.1	AL450380.1	76.882	1116	233	17	266704	267799	159291	160401	9.35e-171	608
AE016958.1	AL450380.1	75.616	1259	289	16	3135640	3136889	1200529	1199280	9.35e-171	608
AE016958.1	AL450380.1	81.655	725	129	4	1244735	1245457	716108	716830	5.63e-168	599
AE016958.1	AL450380.1	80.201	798	144	7	3192790	3193575	1825645	1826440	4.38e-164	586
AE016958.1	AL450380.1	77.067	1016	226	5	1241786	1242796	712629	713642	7.33e-162	579
AE016958.1	AL450380.1	85.263	570	75	8	3239687	3240251	1882777	1883342	7.33e-162	579
AE016958.1	AL450380.1	78.596	883	179	8	1764583	1765461	122119	121243	9.49e-161	575
AE016958.1	AL450380.1	78.588	878	183	5	3032028	3032902	2336684	2337559	9.49e-161	575
AE016958.1	AL450380.1	79.923	777	152	4	4364278	4365052	381455	380681	1.59e-158	568
AE016958.1	AL450380.1	86.264	546	46	18	3081288	3081816	1602891	1602358	5.71e-158	566
AE016958.1	AL450380.1	76.122	1114	244	16	2108938	2110043	1069667	1068568	2.05e-157	564
AE016958.1	AL450380.1	81.215	724	113	18	74300	75008	3234846	3234131	7.38e-157	562
AE016958.1	AL450380.1	79.106	828	161	11	2825424	2826245	1279954	1279133	2.66e-156	560
AE016958.1	AL450380.1	73.400	1609	383	36	3170374	3171964	1164185	1162604	9.55e-156	558
AE016958.1	AL450380.1	78.463	859	175	8	2010238	2011091	1583023	1582170	4.44e-154	553
AE016958.1	AL450380.1	75.887	1099	254	8	1320026	1321120	585664	584573	1.60e-153	551
AE016958.1	AL450380.1	77.928	888	190	6	3151361	3152245	1187207	1186323	5.75e-153	549
AE016958.1	AL450380.1	81.259	699	108	18	2182196	2182878	1971525	1972216	2.67e-151	544
AE016958.1	AL450380.1	79.226	775	154	5	4041609	4042378	3129293	3130065	5.79e-148	532
AE016958.1	AL450380.1	89.639	415	41	2	448029	448443	264683	265095	2.69e-146	527
AE016958.1	AL450380.1	80.170	706	134	4	2717516	2718221	1373206	1372507	3.48e-145	523
AE016958.1	AL450380.1	72.099	1939	475	49	2048996	2050907	1460333	1458434	3.48e-145	523
AE016958.1	AL450380.1	78.335	817	165	12	496699	497509	2304279	2303469	1.62e-143	518
AE016958.1	AL450380.1	79.749	716	138	3	2875855	2876563	1239105	1238390	7.54e-142	512
AE016958.1	AL450380.1	74.351	1271	292	26	1970964	1972211	183555	182296	2.71e-141	510
AE016958.1	AL450380.1	75.519	1107	233	33	3826158	3827245	831160	830073	9.76e-141	508
AE016958.1	AL450380.1	78.266	796	169	4	4019858	4020651	3107577	3108370	9.76e-141	508
AE016958.1	AL450380.1	86.422	464	54	5	1176087	1176544	656775	657235	5.87e-138	499
AE016958.1	AL450380.1	78.990	733	145	7	4578889	4579615	2296241	2295512	9.83e-136	492
AE016958.1	AL450380.1	82.616	558	84	10	1023259	1023810	326350	326900	2.13e-132	481
AE016958.1	AL450380.1	73.733	1401	295	45	4643493	4644841	2237469	2236090	2.13e-132	481
AE016958.1	AL450380.1	77.455	825	171	11	1964862	1965674	183555	182734	7.65e-132	479
AE016958.1	AL450380.1	77.736	795	159	17	2602155	2602939	526948	526162	1.28e-129	472
AE016958.1	AL450380.1	80.763	629	100	18	4598864	4599484	2280847	2280232	1.28e-129	472
AE016958.1	AL450380.1	79.023	696	138	7	4424704	4425395	2933141	2933832	4.60e-129	470
AE016958.1	AL450380.1	73.709	1278	300	34	1479769	1481028	182296	183555	5.96e-128	466
AE016958.1	AL450380.1	83.463	514	72	6	2107077	2107578	1071457	1070945	5.96e-128	466
AE016958.1	AL450380.1	74.232	1172	272	25	2600849	2602008	528233	527080	2.14e-127	464
AE016958.1	AL450380.1	78.970	699	133	8	1382131	1382816	1502245	1502942	2.14e-127	464
AE016958.1	AL450380.1	74.213	1175	266	27	807581	808736	2573880	2572724	3.58e-125	457
AE016958.1	AL450380.1	84.735	452	69	0	3340017	3340468	2005142	2005593	4.64e-124	453
AE016958.1	AL450380.1	83.037	507	76	9	481290	481791	299083	299584	1.67e-123	451
AE016958.1	AL450380.1	75.625	960	207	24	827427	828367	2552966	2552015	1.67e-123	451
AE016958.1	AL450380.1	74.084	1146	271	25	4188097	4189229	2848492	2849624	2.16e-122	448
AE016958.1	AL450380.1	75.050	1002	227	22	3440424	3441412	2086661	2087652	2.79e-121	444
AE016958.1	AL450380.1	78.529	680	140	6	225599	226275	123704	124380	1.00e-120	442
AE016958.1	AL450380.1	79.310	638	124	6	4525265	4525897	2706834	2707468	3.61e-120	440
AE016958.1	AL450380.1	75.393	955	204	24	520606	521538	430537	431482	6.04e-118	433
AE016958.1	AL450380.1	74.739	1053	224	33	3034401	3035422	2339095	2340136	6.04e-118	433
AE016958.1	AL450380.1	74.974	971	223	20	4188287	4189247	2843578	2842618	7.81e-117	429
AE016958.1	AL450380.1	76.557	819	165	14	2358985	2359776	990703	989885	3.64e-115	424
AE016958.1	AL450380.1	73.671	1166	275	28	1872394	1873544	2572386	2571238	3.64e-115	424
AE016958.1	AL450380.1	70.266	2593	667	82	905960	908493	2485895	2483348	1.31e-114	422
AE016958.1	AL450380.1	76.753	770	165	13	4379937	4380697	2313367	2312603	1.69e-113	418
AE016958.1	AL450380.1	71.630	1773	423	53	3865540	3867266	512873	511135	2.19e-112	414
AE016958.1	AL450380.1	78.867	653	106	26	1972958	1973587	1733041	1733684	7.87e-112	412
AE016958.1	AL450380.1	79.893	562	111	2	1017074	1017634	319964	320524	2.83e-111	411
AE016958.1	AL450380.1	79.690	581	108	7	296548	297120	2948812	2949390	2.83e-111	411
AE016958.1	AL450380.1	78.469	627	131	4	1525194	1525818	1629821	1630445	3.66e-110	407
AE016958.1	AL450380.1	78.120	649	133	7	4324604	4325251	369072	368432	4.74e-109	403
AE016958.1	AL450380.1	80.451	532	91	9	2107927	2108449	1070648	1070121	2.85e-106	394
AE016958.1	AL450380.1	89.137	313	34	0	3304759	3305071	1935016	1935328	3.69e-105	390
AE016958.1	AL450380.1	76.540	763	150	15	3500687	3501431	2133989	2134740	3.69e-105	390
AE016958.1	AL450380.1	82.456	456	66	13	1090376	1090825	590070	590517	4.77e-104	387
AE016958.1	AL450380.1	76.634	719	154	7	2624535	2625246	1396005	1395294	1.72e-103	385
AE016958.1	AL450380.1	76.748	701	155	8	1978505	1979201	1738585	1739281	1.72e-103	385
AE016958.1	AL450380.1	78.100	621	123	11	2829167	2829783	1276420	1275809	2.22e-102	381
AE016958.1	AL450380.1	74.280	937	223	15	4203827	4204754	1459363	1458436	7.98e-102	379
AE016958.1	AL450380.1	78.342	591	124	3	1901474	1902062	2843222	2842634	7.98e-102	379
AE016958.1	AL450380.1	78.053	606	129	3	1901459	1902062	2849023	2849626	7.98e-102	379
AE016958.1	AL450380.1	78.017	605	127	6	497571	498172	2303425	2302824	1.03e-100	375
AE016958.1	AL450380.1	79.537	562	85	21	4698147	4698685	2348002	2347448	3.71e-100	374
AE016958.1	AL450380.1	85.042	361	54	0	487591	487951	305336	305696	1.73e-98	368
AE016958.1	AL450380.1	81.144	472	77	10	3769597	3770063	877717	877253	1.73e-98	368
AE016958.1	AL450380.1	78.360	573	117	7	958987	959554	250808	251378	2.24e-97	364
AE016958.1	AL450380.1	74.197	903	209	22	943264	944150	231772	230878	1.35e-94	355
AE016958.1	AL450380.1	84.123	359	57	0	2128972	2129330	1052092	1051734	2.25e-92	348
AE016958.1	AL450380.1	77.665	591	116	12	2969343	2969919	1140956	1140368	8.10e-92	346
AE016958.1	AL450380.1	80.174	459	85	5	378984	379439	2741547	2741092	1.35e-89	339
AE016958.1	AL450380.1	80.778	437	78	6	3859274	3859707	518856	518423	4.87e-89	337
AE016958.1	AL450380.1	75.132	756	156	24	3725967	3726709	921642	920906	1.05e-85	326
AE016958.1	AL450380.1	75.096	779	149	23	10399	11159	11729	12480	1.36e-84	322
AE016958.1	AL450380.1	70.494	1942	468	73	4679108	4680994	2219016	2217125	2.28e-82	315
AE016958.1	AL450380.1	77.586	522	113	4	2447666	2448185	2600222	2599703	8.21e-82	313
AE016958.1	AL450380.1	73.852	849	190	31	143063	143895	2932080	2932912	1.06e-80	309
AE016958.1	AL450380.1	83.591	323	47	6	3153549	3153868	1189892	1189573	2.30e-77	298
AE016958.1	AL450380.1	76.173	554	121	11	4393876	4394420	400073	400624	2.32e-72	281
AE016958.1	AL450380.1	89.610	231	7	7	273559	273785	165004	165221	3.00e-71	278
AE016958.1	AL450380.1	82.803	314	50	2	2087292	2087604	1091097	1090787	3.00e-71	278
AE016958.1	AL450380.1	72.445	998	230	32	279776	280754	2827491	2828462	3.00e-71	278
AE016958.1	AL450380.1	85.455	275	10	13	3368694	3368950	2033105	2033367	1.08e-65	259
AE016958.1	AL450380.1	70.252	1590	403	53	1444104	1445660	2115400	2116952	1.82e-63	252
AE016958.1	AL450380.1	80.882	340	45	14	2552702	2553037	1785013	1785336	6.53e-63	250
AE016958.1	AL450380.1	74.540	652	125	29	1127887	1128515	621127	621760	8.45e-62	246
AE016958.1	AL450380.1	83.784	259	42	0	2947497	2947755	1803621	1803879	8.45e-62	246
AE016958.1	AL450380.1	73.020	745	173	23	3814766	3815490	839848	839112	5.08e-59	237
AE016958.1	AL450380.1	85.088	228	32	2	4747353	4747579	483436	483662	2.37e-57	231
AE016958.1	AL450380.1	71.497	1049	243	40	2315742	2316773	2148790	2149799	8.51e-57	230
AE016958.1	AL450380.1	77.444	399	74	12	616291	616678	2659764	2659371	3.96e-55	224
AE016958.1	AL450380.1	77.922	385	66	15	215600	215968	113631	114012	1.42e-54	222
AE016958.1	AL450380.1	74.901	506	118	7	2817921	2818422	1282801	1282301	1.42e-54	222
AE016958.1	AL450380.1	80.836	287	51	3	4643093	4643377	2238634	2238350	1.42e-54	222
AE016958.1	AL450380.1	85.116	215	32	0	3350786	3351000	2018886	2019100	5.12e-54	220
AE016958.1	AL450380.1	72.803	717	166	28	143147	143848	2933832	2933130	6.62e-53	217
AE016958.1	AL450380.1	89.286	168	18	0	2850441	2850608	1263763	1263596	3.08e-51	211
AE016958.1	AL450380.1	72.715	744	159	34	1373445	1374175	1443666	1444378	1.11e-50	209
AE016958.1	AL450380.1	90.184	163	11	5	3838571	3838732	819822	819664	3.99e-50	207
AE016958.1	AL450380.1	76.098	410	89	8	278735	279140	2826676	2827080	1.43e-49	206
AE016958.1	AL450380.1	72.769	661	158	16	3486194	3486843	1008161	1008810	5.16e-49	204
AE016958.1	AL450380.1	81.781	247	40	5	954210	954454	246161	246404	1.85e-48	202
AE016958.1	AL450380.1	82.479	234	38	2	2015343	2015576	1575707	1575477	1.85e-48	202
AE016958.1	AL450380.1	92.481	133	5	4	2084438	2084568	1536077	1535948	1.87e-43	185
AE016958.1	AL450380.1	83.168	202	32	1	2009872	2010071	1583368	1583167	6.72e-43	183
AE016958.1	AL450380.1	75.815	368	83	6	1979256	1979620	1740120	1740484	2.42e-42	182
AE016958.1	AL450380.1	97.115	104	3	0	3499292	3499395	2133845	2133948	1.12e-40	176
AE016958.1	AL450380.1	95.455	110	4	1	26727	26836	28865	28973	4.04e-40	174
AE016958.1	AL450380.1	90.840	131	10	2	413025	413154	2736872	2736743	4.04e-40	174
AE016958.1	AL450380.1	97.087	103	3	0	347492	347594	2769237	2769339	4.04e-40	174
AE016958.1	AL450380.1	92.500	120	8	1	3654599	3654718	780378	780260	5.23e-39	171
AE016958.1	AL450380.1	82.051	195	28	6	1324149	1324337	1410559	1410752	1.13e-35	159
AE016958.1	AL450380.1	95.918	98	4	0	2581803	2581900	1481544	1481447	1.13e-35	159
AE016958.1	AL450380.1	71.729	665	147	20	473887	474517	292217	292874	2.45e-32	148
AE016958.1	AL450380.1	93.939	99	5	1	4267862	4267960	2989429	2989332	2.45e-32	148
AE016958.1	AL450380.1	94.624	93	5	0	1049261	1049353	344322	344414	3.17e-31	145
AE016958.1	AL450380.1	100.000	76	0	0	1528839	1528914	1638366	1638441	4.10e-30	141
AE016958.1	AL450380.1	100.000	75	0	0	2609727	2609801	524750	524676	1.47e-29	139
AE016958.1	AL450380.1	86.154	130	17	1	2776754	2776883	1316428	1316300	1.47e-29	139
AE016958.1	AL450380.1	100.000	75	0	0	2305775	2305849	2135493	2135567	1.47e-29	139
AE016958.1	AL450380.1	97.333	75	2	0	889494	889568	2506675	2506601	3.19e-26	128
AE016958.1	AL450380.1	74.854	342	56	19	3916506	3916829	3197162	3196833	3.19e-26	128
AE016958.1	AL450380.1	80.233	172	26	7	3281703	3281872	1916268	1916433	1.49e-24	122
AE016958.1	AL450380.1	86.916	107	10	3	2106977	2107080	1071616	1071511	6.91e-23	117
AE016958.1	AL450380.1	93.333	75	4	1	2995896	2995969	1130373	1130299	1.16e-20	110
AE016958.1	AL450380.1	75.652	230	49	6	3976292	3976517	3149372	3149146	4.16e-20	108
AE016958.1	AL450380.1	89.157	83	8	1	1032543	1032624	335150	335232	1.93e-18	102
AE016958.1	AL450380.1	90.667	75	7	0	2358809	2358883	990917	990843	6.96e-18	100
AE016958.1	AL450380.1	83.019	106	18	0	2174286	2174391	1965853	1965958	9.00e-17	97.1
AE016958.1	AL450380.1	89.552	67	7	0	3364439	3364505	2028905	2028971	1.95e-13	86.1
AE016958.1	AL450380.1	97.872	47	0	1	1082449	1082494	1194836	1194882	9.07e-12	80.5
AE016958.1	AL450380.1	82.292	96	12	5	889476	889569	1316284	1316376	3.26e-11	78.7
AE016958.1	AL450380.1	89.062	64	4	3	1195895	1195958	2884109	2884049	1.17e-10	76.8
AE016958.1	AL450380.1	97.561	41	1	0	4020749	4020789	1164273	1164313	5.46e-09	71.3
AE016958.1	AL450380.1	82.500	80	14	0	1847405	1847484	2222893	2222814	5.46e-09	71.3
AE016958.1	AL450380.1	100.000	37	0	0	4020751	4020787	1629703	1629739	1.96e-08	69.4
AE016958.1	AL450380.1	91.837	49	4	0	4020748	4020796	1915469	1915421	1.96e-08	69.4
AE016958.1	AL450380.1	87.931	58	5	2	1801248	1801304	125161	125217	7.06e-08	67.6
AE016958.1	AL450380.1	100.000	36	0	0	3124866	3124901	1629703	1629738	7.06e-08	67.6
AE016958.1	AL450380.1	89.091	55	5	1	3253704	3253758	1915418	1915471	7.06e-08	67.6
AE016958.1	AL450380.1	89.091	55	5	1	3253757	3253811	1915418	1915471	7.06e-08	67.6
AE016958.1	AL450380.1	90.385	52	4	1	3124861	3124912	1915471	1915421	7.06e-08	67.6
AE016958.1	AL450380.1	90.196	51	5	0	3253655	3253705	1915421	1915471	7.06e-08	67.6
AE016958.1	AL450380.1	90.385	52	4	1	228522	228572	2884093	2884042	7.06e-08	67.6
AE016958.1	AL450380.1	95.122	41	2	0	3124861	3124901	1164270	1164310	2.54e-07	65.8
AE016958.1	AL450380.1	97.297	37	1	0	3253770	3253806	1629739	1629703	9.13e-07	63.9
AE016958.1	AL450380.1	97.297	37	1	0	3253717	3253753	1629739	1629703	9.13e-07	63.9
AE016958.1	AL450380.1	97.297	37	1	0	3253664	3253700	1629739	1629703	9.13e-07	63.9
AE016958.1	AL450380.1	88.235	51	6	0	1035829	1035879	1164320	1164270	3.28e-06	62.1
AE016958.1	AL450380.1	88.462	52	4	2	1195913	1195963	1777866	1777816	3.28e-06	62.1
AE016958.1	AL450380.1	92.857	42	3	0	3240251	3240292	1883366	1883407	3.28e-06	62.1
AE016958.1	AL450380.1	97.222	36	1	0	21256	21291	3200431	3200466	3.28e-06	62.1
AE016958.1	AL450380.1	97.143	35	1	0	4667883	4667917	2222231	2222197	1.18e-05	60.2
AE016958.1	AL450380.1	97.059	34	1	0	2164519	2164552	557707	557740	4.25e-05	58.4
AE016958.1	AL450380.1	94.737	38	1	1	541463	541500	1629703	1629739	4.25e-05	58.4
AE016958.1	AL450380.1	91.111	45	1	2	541467	541508	1915462	1915418	4.25e-05	58.4
AE016958.1	AL450380.1	100.000	30	0	0	1195918	1195947	126616	126645	1.53e-04	56.5
AE016958.1	AL450380.1	85.714	56	4	4	1018784	1018836	400068	400122	1.53e-04	56.5
AE016958.1	AL450380.1	94.444	36	2	0	4717701	4717736	460181	460216	1.53e-04	56.5
AE016958.1	AL450380.1	85.185	54	7	1	347291	347343	1071512	1071459	5.50e-04	54.7
AE016958.1	AL450380.1	100.000	29	0	0	874072	874100	1316302	1316330	5.50e-04	54.7
