CP013741.1	AL450380.1	79.847	18881	3430	233	3201575	3220255	2812625	2793920	0.0	13441
CP013741.1	AL450380.1	86.359	7844	1025	39	761191	769009	2277093	2269270	0.0	8516
CP013741.1	AL450380.1	94.669	4990	189	39	1471546	1476493	1341143	1346097	0.0	7670
CP013741.1	AL450380.1	80.748	9282	1712	55	2796992	2806225	1405852	1396598	0.0	7171
CP013741.1	AL450380.1	81.375	8510	1463	89	3238749	3247195	188453	180003	0.0	6822
CP013741.1	AL450380.1	84.414	6416	925	46	3223439	3229819	200535	194160	0.0	6239
CP013741.1	AL450380.1	81.563	6579	1178	31	4298349	4304905	84030	77465	0.0	5397
CP013741.1	AL450380.1	79.593	7811	1359	145	3286668	3294344	2024662	2032371	0.0	5376
CP013741.1	AL450380.1	78.164	7419	1488	101	343504	350834	3023864	3016490	0.0	4604
CP013741.1	AL450380.1	81.090	5727	1037	33	2001015	2006727	1867909	1862215	0.0	4534
CP013741.1	AL450380.1	80.655	5893	1062	63	2461083	2466926	1959885	1965748	0.0	4495
CP013741.1	AL450380.1	79.362	5955	1103	76	4052226	4058090	271975	266057	0.0	4072
CP013741.1	AL450380.1	82.395	4584	766	33	3811825	3816388	485172	480610	0.0	3956
CP013741.1	AL450380.1	77.868	6520	1323	86	1777962	1784434	1502246	1508692	0.0	3936
CP013741.1	AL450380.1	79.432	5528	1016	92	616481	621934	2885521	2880041	0.0	3797
CP013741.1	AL450380.1	86.118	3436	459	14	1392261	1395690	1260024	1263447	0.0	3687
CP013741.1	AL450380.1	78.864	5564	1057	80	2703014	2708509	1767602	1773114	0.0	3650
CP013741.1	AL450380.1	81.314	4474	765	44	3334559	3338990	2064072	2068516	0.0	3565
CP013741.1	AL450380.1	85.668	3398	465	13	957200	960593	2572543	2569164	0.0	3557
CP013741.1	AL450380.1	82.407	4047	624	60	3358726	3362741	2093472	2097461	0.0	3448
CP013741.1	AL450380.1	77.504	5921	1179	97	2734680	2740519	1496727	1490879	0.0	3413
CP013741.1	AL450380.1	79.762	4783	898	45	1647087	1651844	720590	725327	0.0	3406
CP013741.1	AL450380.1	80.740	4434	758	65	601198	605586	2899216	2894834	0.0	3369
CP013741.1	AL450380.1	82.338	3901	648	27	1591953	1595827	678806	682691	0.0	3349
CP013741.1	AL450380.1	85.439	3221	452	16	3563557	3566768	924234	921022	0.0	3334
CP013741.1	AL450380.1	81.706	4034	687	38	1732767	1736782	1422548	1426548	0.0	3314
CP013741.1	AL450380.1	79.565	4644	840	70	496219	500786	388919	384309	0.0	3217
CP013741.1	AL450380.1	79.418	4606	884	47	125810	130389	3209499	3204932	0.0	3195
CP013741.1	AL450380.1	80.825	4073	727	42	1848396	1852446	1692183	1696223	0.0	3145
CP013741.1	AL450380.1	81.481	3796	691	11	1447747	1451536	1318301	1322090	0.0	3105
CP013741.1	AL450380.1	79.254	4531	854	68	4017742	4022222	305702	301208	0.0	3081
CP013741.1	AL450380.1	80.167	4180	761	48	2048041	2052184	2476916	2472769	0.0	3064
CP013741.1	AL450380.1	80.800	3948	716	35	4225751	4229680	130593	126670	0.0	3053
CP013741.1	AL450380.1	82.044	3620	587	40	1562806	1566381	657332	660932	0.0	3025
CP013741.1	AL450380.1	83.369	3289	505	32	783024	786277	2260372	2257091	0.0	3005
CP013741.1	AL450380.1	76.927	5435	1161	67	1581095	1586482	670034	675422	0.0	3003
CP013741.1	AL450380.1	79.310	4403	791	74	2454396	2458713	1024044	1019677	0.0	2974
CP013741.1	AL450380.1	81.826	3593	605	33	2355575	2359125	1560467	1556881	0.0	2974
CP013741.1	AL450380.1	87.233	2577	326	3	4014915	4017489	308549	305974	0.0	2933
CP013741.1	AL450380.1	80.436	3854	716	26	1555437	1559262	649623	653466	0.0	2905
CP013741.1	AL450380.1	83.243	3145	517	9	3801815	3804956	489443	486306	0.0	2880
CP013741.1	AL450380.1	78.084	4718	908	76	3590415	3595059	896575	891911	0.0	2868
CP013741.1	AL450380.1	83.285	3135	477	41	3349420	3352520	2083348	2086469	0.0	2843
CP013741.1	AL450380.1	81.259	3591	598	45	1141073	1144626	328050	331602	0.0	2833
CP013741.1	AL450380.1	85.462	2717	389	6	2491166	2493878	1996150	1998864	0.0	2824
CP013741.1	AL450380.1	81.441	3497	590	42	4119394	4122843	2750464	2753948	0.0	2808
CP013741.1	AL450380.1	84.212	2901	434	18	1822160	1825051	1668308	1671193	0.0	2798
CP013741.1	AL450380.1	79.415	4032	774	39	17680	21683	21105	25108	0.0	2796
CP013741.1	AL450380.1	77.763	4659	938	68	2414999	2419593	1059895	1055271	0.0	2774
CP013741.1	AL450380.1	81.395	3440	599	33	2664749	2668161	740055	736630	0.0	2769
CP013741.1	AL450380.1	78.458	4294	848	53	1380531	1384766	1248424	1252698	0.0	2734
CP013741.1	AL450380.1	78.312	4385	845	62	3196512	3200844	2817725	2813395	0.0	2732
CP013741.1	AL450380.1	78.457	4289	840	62	1772455	1776693	1445954	1450208	0.0	2724
CP013741.1	AL450380.1	77.123	4817	1003	70	1886004	1890766	1606100	1610871	0.0	2699
CP013741.1	AL450380.1	80.586	3513	624	35	1660916	1664396	2198533	2195047	0.0	2656
CP013741.1	AL450380.1	78.627	4094	765	76	3610390	3614440	870919	866893	0.0	2612
CP013741.1	AL450380.1	83.410	2827	448	11	2484143	2486953	1989140	1991961	0.0	2603
CP013741.1	AL450380.1	83.773	2730	404	19	2488391	2491086	1993404	1996128	0.0	2551
CP013741.1	AL450380.1	75.779	5330	1127	113	738437	743674	2287523	2282266	0.0	2540
CP013741.1	AL450380.1	77.812	4169	869	37	281049	285180	3069737	3065588	0.0	2523
CP013741.1	AL450380.1	84.606	2566	354	26	3691880	3694432	836411	833874	0.0	2512
CP013741.1	AL450380.1	80.977	3254	546	41	1464597	1467823	1335152	1338359	0.0	2512
CP013741.1	AL450380.1	80.349	3379	606	38	2720776	2724126	1782209	1785557	0.0	2508
CP013741.1	AL450380.1	78.651	3855	735	68	183837	187637	3154325	3150505	0.0	2479
CP013741.1	AL450380.1	85.338	2394	334	13	2865360	2867749	597956	595576	0.0	2460
CP013741.1	AL450380.1	80.187	3316	609	35	3674568	3677850	853693	850393	0.0	2440
CP013741.1	AL450380.1	80.187	3316	609	35	3653864	3657146	853693	850393	0.0	2440
CP013741.1	AL450380.1	80.187	3316	609	35	3633160	3636442	853693	850393	0.0	2440
CP013741.1	AL450380.1	82.604	2788	452	22	2328481	2331254	1582519	1579751	0.0	2431
CP013741.1	AL450380.1	82.880	2722	448	14	2430185	2432900	1045900	1043191	0.0	2429
CP013741.1	AL450380.1	78.285	3919	747	65	592532	596391	2904859	2900986	0.0	2427
CP013741.1	AL450380.1	82.488	2741	459	18	3505987	3508718	779885	777157	0.0	2383
CP013741.1	AL450380.1	77.537	4198	783	110	2323435	2327516	1587731	1583578	0.0	2381
CP013741.1	AL450380.1	78.899	3597	693	46	1916522	1920095	1629703	1633256	0.0	2377
CP013741.1	AL450380.1	80.217	3225	579	41	1844016	1847195	1687628	1690838	0.0	2366
CP013741.1	AL450380.1	81.452	2906	510	26	2811807	2814694	637495	634601	0.0	2353
CP013741.1	AL450380.1	82.821	2637	442	9	460597	463226	2963219	2965851	0.0	2350
CP013741.1	AL450380.1	77.180	4198	837	76	2383729	2387874	1085999	1081871	0.0	2333
CP013741.1	AL450380.1	77.452	4027	824	57	2017831	2021814	1855726	1851741	0.0	2329
CP013741.1	AL450380.1	82.883	2629	409	26	3091721	3094308	1879726	1882354	0.0	2324
CP013741.1	AL450380.1	78.338	3707	719	58	1763068	1766721	1438578	1442253	0.0	2320
CP013741.1	AL450380.1	80.622	3055	536	26	2610164	2613183	759806	756773	0.0	2311
CP013741.1	AL450380.1	79.042	3464	650	52	2379199	2382632	1090687	1087270	0.0	2305
CP013741.1	AL450380.1	81.020	2940	518	26	3316367	3319286	2052000	2054919	0.0	2302
CP013741.1	AL450380.1	78.337	3619	738	37	1837092	1840684	1680982	1684580	0.0	2298
CP013741.1	AL450380.1	82.471	2687	410	43	4222973	4225630	133416	130762	0.0	2296
CP013741.1	AL450380.1	80.366	3061	571	23	1611290	1614329	694879	697930	0.0	2296
CP013741.1	AL450380.1	76.168	4582	950	103	1756928	1761428	1432240	1436760	0.0	2281
CP013741.1	AL450380.1	83.723	2439	370	19	1229230	1231661	2335023	2332605	0.0	2279
CP013741.1	AL450380.1	85.789	2111	293	6	4027649	4029753	295693	293584	0.0	2230
CP013741.1	AL450380.1	85.120	2164	320	2	1815457	1817619	1661599	1663761	0.0	2211
CP013741.1	AL450380.1	79.359	3246	588	56	2830830	2834021	625362	622145	0.0	2207
CP013741.1	AL450380.1	86.945	1961	242	11	4229721	4231670	126530	124573	0.0	2191
CP013741.1	AL450380.1	82.665	2544	371	32	3036906	3039424	1016060	1013562	0.0	2191
CP013741.1	AL450380.1	80.246	2921	528	35	1551421	1554307	645416	648321	0.0	2152
CP013741.1	AL450380.1	77.499	3662	768	44	3181285	3184921	1954851	1958481	0.0	2146
CP013741.1	AL450380.1	83.658	2307	334	30	801854	804124	2244235	2241936	0.0	2132
CP013741.1	AL450380.1	81.090	2697	481	19	826523	829205	2222090	2219409	0.0	2128
CP013741.1	AL450380.1	81.642	2582	447	13	3451538	3454096	798625	796048	0.0	2117
CP013741.1	AL450380.1	81.549	2596	448	26	1137621	1140194	323458	326044	0.0	2111
CP013741.1	AL450380.1	80.959	2689	480	19	3011041	3013715	1822935	1825605	0.0	2100
CP013741.1	AL450380.1	85.227	2051	290	10	1006645	1008685	2526178	2524131	0.0	2097
CP013741.1	AL450380.1	80.672	2737	495	24	1811944	1814659	1652684	1655407	0.0	2093
CP013741.1	AL450380.1	78.671	3235	626	47	652693	655890	2698909	2702116	0.0	2093
CP013741.1	AL450380.1	79.986	2858	539	29	3220424	3223262	2793754	2790911	0.0	2078
CP013741.1	AL450380.1	76.696	3892	799	74	4034062	4037881	286279	282424	0.0	2063
CP013741.1	AL450380.1	81.120	2590	475	11	1305892	1308474	1800205	1797623	0.0	2061
CP013741.1	AL450380.1	82.084	2428	422	8	4092856	4095278	2732172	2734591	0.0	2061
CP013741.1	AL450380.1	76.734	3834	795	67	1896081	1899849	1617823	1621624	0.0	2049
CP013741.1	AL450380.1	78.840	3086	600	39	43388	46447	36177	39235	0.0	2032
CP013741.1	AL450380.1	79.950	2798	532	25	2059165	2061940	2466216	2463426	0.0	2032
CP013741.1	AL450380.1	80.578	2698	457	48	814718	817371	2231655	2228981	0.0	2017
CP013741.1	AL450380.1	81.082	2569	432	36	508929	511464	379938	377391	0.0	2002
CP013741.1	AL450380.1	80.361	2658	494	22	1809150	1811784	1650915	1648263	0.0	1991
CP013741.1	AL450380.1	85.692	1894	262	8	2347569	2349458	1570074	1568186	0.0	1988
CP013741.1	AL450380.1	82.444	2267	392	6	897887	900150	2629211	2626948	0.0	1977
CP013741.1	AL450380.1	77.565	3392	682	59	14155	17501	17544	20901	0.0	1975
CP013741.1	AL450380.1	79.444	2841	539	35	2934392	2937204	1598268	1595445	0.0	1969
CP013741.1	AL450380.1	79.312	2876	543	42	4235580	4238420	120728	117870	0.0	1967
CP013741.1	AL450380.1	80.142	2679	483	35	2055102	2057758	2470004	2467353	0.0	1954
CP013741.1	AL450380.1	79.853	2730	500	36	4195135	4197832	156396	153685	0.0	1949
CP013741.1	AL450380.1	80.939	2534	421	40	4204035	4206522	151872	149355	0.0	1947
CP013741.1	AL450380.1	75.305	4341	922	97	1489849	1494096	1355252	1359535	0.0	1940
CP013741.1	AL450380.1	77.138	3508	695	56	4360945	4364361	3258285	3261776	0.0	1936
CP013741.1	AL450380.1	87.560	1672	205	3	529654	531323	405419	407089	0.0	1932
CP013741.1	AL450380.1	78.636	2991	572	48	4082283	4085244	2721992	2724944	0.0	1921
CP013741.1	AL450380.1	80.083	2651	472	43	3355885	3358505	2090606	2093230	0.0	1919
CP013741.1	AL450380.1	78.235	3138	569	62	3603641	3606708	877757	874664	0.0	1906
CP013741.1	AL450380.1	77.098	3432	692	66	1062770	1066151	217158	220545	0.0	1897
CP013741.1	AL450380.1	79.406	2763	512	47	1262044	1264765	1127692	1130438	0.0	1897
CP013741.1	AL450380.1	81.619	2323	398	27	72304	74611	3210654	3212962	0.0	1897
CP013741.1	AL450380.1	82.100	2257	364	27	2716448	2718690	1779773	1782003	0.0	1893
CP013741.1	AL450380.1	79.196	2836	503	57	1354181	1356993	1228779	1231550	0.0	1888
CP013741.1	AL450380.1	77.810	3141	629	51	2604994	2608094	763197	760085	0.0	1877
CP013741.1	AL450380.1	78.213	2933	607	25	2746405	2749327	1485773	1482863	0.0	1847
CP013741.1	AL450380.1	74.584	4446	1017	94	202637	207019	3096293	3100688	0.0	1845
CP013741.1	AL450380.1	79.859	2552	489	21	2695387	2697925	1761570	1764109	0.0	1842
CP013741.1	AL450380.1	85.066	1808	268	2	421050	422856	2973469	2971663	0.0	1842
CP013741.1	AL450380.1	81.034	2378	392	38	2968669	2971015	1185830	1183481	0.0	1838
CP013741.1	AL450380.1	81.676	2243	377	21	1682287	1684515	2180132	2177910	0.0	1834
CP013741.1	AL450380.1	80.634	2396	441	18	1127597	1129976	312281	314669	0.0	1832
CP013741.1	AL450380.1	77.914	3020	605	49	245240	248224	3129374	3132366	0.0	1825
CP013741.1	AL450380.1	82.434	2095	358	9	1098950	1101039	240531	242620	0.0	1821
CP013741.1	AL450380.1	80.997	2326	408	25	2143768	2146082	2372105	2369803	0.0	1816
CP013741.1	AL450380.1	77.814	3047	597	55	2894397	2897413	551271	554268	0.0	1808
CP013741.1	AL450380.1	80.186	2468	439	33	3606808	3609236	874462	872006	0.0	1803
CP013741.1	AL450380.1	78.918	2699	524	28	1457998	1460688	1328493	1331154	0.0	1790
CP013741.1	AL450380.1	79.123	2644	507	33	3586065	3588670	902780	900144	0.0	1783
CP013741.1	AL450380.1	79.144	2618	513	20	2815142	2817737	633978	631372	0.0	1779
CP013741.1	AL450380.1	78.884	2742	496	59	2388010	2390708	1081698	1078997	0.0	1779
CP013741.1	AL450380.1	83.376	1931	305	9	292161	294088	3057062	3055145	0.0	1773
CP013741.1	AL450380.1	77.837	2996	571	57	4125717	4128674	2756737	2759677	0.0	1768
CP013741.1	AL450380.1	82.632	2044	295	32	732570	734566	2295078	2293048	0.0	1753
CP013741.1	AL450380.1	76.873	3243	659	65	984847	988061	2538531	2535352	0.0	1749
CP013741.1	AL450380.1	82.081	2076	336	18	3820087	3822155	475173	473127	0.0	1740
CP013741.1	AL450380.1	81.373	2142	377	11	3596063	3598202	890917	888796	0.0	1725
CP013741.1	AL450380.1	83.088	1904	296	13	3834913	3836801	464849	462957	0.0	1709
CP013741.1	AL450380.1	80.298	2279	419	24	3330315	3332573	2059832	2062100	0.0	1694
CP013741.1	AL450380.1	77.825	2823	562	48	2674302	2677078	1745795	1748599	0.0	1687
CP013741.1	AL450380.1	81.584	2058	361	16	903682	905730	2622706	2620658	0.0	1685
CP013741.1	AL450380.1	79.674	2396	437	27	3581907	3584261	907048	904662	0.0	1681
CP013741.1	AL450380.1	80.833	2160	399	7	4089717	4091861	2729177	2731336	0.0	1681
CP013741.1	AL450380.1	78.046	2774	524	64	1658069	1660791	2201451	2198712	0.0	1670
CP013741.1	AL450380.1	77.709	2889	536	76	3100027	3102859	1886295	1889131	0.0	1668
CP013741.1	AL450380.1	84.002	1744	271	7	3308693	3310432	2044356	2046095	0.0	1668
CP013741.1	AL450380.1	80.070	2288	412	30	1226034	1228315	2338938	2336689	0.0	1659
CP013741.1	AL450380.1	83.877	1749	266	12	2740593	2742337	1490850	1489114	0.0	1653
CP013741.1	AL450380.1	77.221	2994	577	70	1664487	1667402	2194819	2191853	0.0	1653
CP013741.1	AL450380.1	80.268	2235	403	27	2880756	2882960	583404	581178	0.0	1650
CP013741.1	AL450380.1	81.204	2059	371	15	3320124	3322174	2055790	2057840	0.0	1644
CP013741.1	AL450380.1	86.680	1494	186	7	3856921	3858410	2344282	2345766	0.0	1644
CP013741.1	AL450380.1	77.178	2870	624	23	2567229	2570084	1008870	1006018	0.0	1642
CP013741.1	AL450380.1	78.384	2549	531	17	900865	903405	2626846	2624310	0.0	1637
CP013741.1	AL450380.1	78.665	2531	489	33	3048905	3051393	1871052	1873573	0.0	1635
CP013741.1	AL450380.1	78.833	2537	456	44	1674282	1676752	2185741	2183220	0.0	1635
CP013741.1	AL450380.1	74.785	3835	858	84	3275045	3278805	2014833	2018632	0.0	1624
CP013741.1	AL450380.1	78.554	2518	499	31	4215893	4218388	139080	136582	0.0	1620
CP013741.1	AL450380.1	82.344	1886	313	18	2944868	2946743	1203073	1201198	0.0	1620
CP013741.1	AL450380.1	79.667	2282	439	23	1504151	1506419	1368584	1370853	0.0	1620
CP013741.1	AL450380.1	76.608	3031	655	42	4352590	4355605	3249903	3252894	0.0	1620
CP013741.1	AL450380.1	83.174	1777	290	3	2853552	2855328	608595	606828	0.0	1616
CP013741.1	AL450380.1	80.634	2112	390	18	3416836	3418938	807994	805893	0.0	1616
CP013741.1	AL450380.1	84.091	1672	264	2	960667	962337	2560985	2559315	0.0	1613
CP013741.1	AL450380.1	79.474	2280	455	10	1588305	1590574	676267	678543	0.0	1605
CP013741.1	AL450380.1	84.465	1635	239	9	812932	814557	2233363	2231735	0.0	1598
CP013741.1	AL450380.1	78.055	2561	539	18	197072	199617	3090748	3093300	0.0	1594
CP013741.1	AL450380.1	81.101	2016	356	21	435973	437968	361298	363308	0.0	1589
CP013741.1	AL450380.1	84.429	1612	235	12	2459169	2460767	1094206	1095814	0.0	1572
CP013741.1	AL450380.1	76.139	3139	650	66	3680911	3683989	846280	843181	0.0	1555
CP013741.1	AL450380.1	76.139	3139	650	66	3660207	3663285	846280	843181	0.0	1555
CP013741.1	AL450380.1	76.139	3139	650	66	3639503	3642581	846280	843181	0.0	1555
CP013741.1	AL450380.1	85.753	1474	204	4	3573698	3575168	915101	913631	0.0	1554
CP013741.1	AL450380.1	84.470	1584	235	6	2344020	2345603	1575474	1573902	0.0	1552
CP013741.1	AL450380.1	82.068	1857	294	31	4122976	4124813	2754521	2756357	0.0	1548
CP013741.1	AL450380.1	76.626	2875	629	33	4024467	4027309	298987	296124	0.0	1546
CP013741.1	AL450380.1	77.124	2789	559	61	3830369	3833105	467962	465201	0.0	1543
CP013741.1	AL450380.1	79.914	2091	414	6	7687	9774	8966	11053	0.0	1530
CP013741.1	AL450380.1	77.655	2627	512	58	1671715	1674291	2188367	2185766	0.0	1530
CP013741.1	AL450380.1	78.191	2499	472	58	3003846	3006306	1149631	1147168	0.0	1528
CP013741.1	AL450380.1	78.520	2351	482	18	239205	241539	3123491	3125834	0.0	1522
CP013741.1	AL450380.1	76.929	2774	570	53	3711392	3714114	823978	821224	0.0	1513
CP013741.1	AL450380.1	84.017	1608	221	19	805963	807535	2240298	2238692	0.0	1513
CP013741.1	AL450380.1	84.930	1493	223	2	3006391	3007882	1147124	1145633	0.0	1509
CP013741.1	AL450380.1	81.913	1819	297	24	50006	51800	3242519	3240709	0.0	1507
CP013741.1	AL450380.1	81.935	1788	311	10	252005	253786	3135264	3137045	0.0	1502
CP013741.1	AL450380.1	83.510	1607	265	0	3570544	3572150	918290	916684	0.0	1500
CP013741.1	AL450380.1	78.256	2442	448	49	2984194	2986570	1166728	1164305	0.0	1491
CP013741.1	AL450380.1	78.349	2374	463	35	1060355	1062692	214251	216609	0.0	1489
CP013741.1	AL450380.1	77.632	2508	520	26	2500961	2503445	2157660	2160149	0.0	1485
CP013741.1	AL450380.1	76.401	2856	612	48	2406641	2409477	1067130	1064318	0.0	1483
CP013741.1	AL450380.1	87.578	1288	149	9	786419	787703	2257066	2255787	0.0	1482
CP013741.1	AL450380.1	83.130	1636	256	13	2700735	2702366	1765392	1767011	0.0	1474
CP013741.1	AL450380.1	83.467	1615	232	19	804249	805860	2241928	2240346	0.0	1471
CP013741.1	AL450380.1	82.139	1730	294	11	1640746	1642462	714231	715958	0.0	1469
CP013741.1	AL450380.1	80.797	1906	338	18	4238983	4240876	117248	115359	0.0	1467
CP013741.1	AL450380.1	81.131	1839	339	7	2398006	2399840	1075859	1074025	0.0	1467
CP013741.1	AL450380.1	77.303	2529	535	35	914747	917255	2605090	2602581	0.0	1454
CP013741.1	AL450380.1	79.264	2146	398	33	586507	588627	2911014	2908891	0.0	1454
CP013741.1	AL450380.1	81.488	1788	314	10	2342194	2343974	1577254	1575477	0.0	1452
CP013741.1	AL450380.1	83.396	1608	222	28	3858548	3860121	2345835	2347431	0.0	1448
CP013741.1	AL450380.1	76.776	2661	571	29	3232193	3234837	191969	189340	0.0	1447
CP013741.1	AL450380.1	82.266	1686	287	9	1446068	1447747	1316547	1318226	0.0	1447
CP013741.1	AL450380.1	76.749	2701	561	51	3136581	3139233	1912789	1915470	0.0	1447
CP013741.1	AL450380.1	79.771	2007	388	17	1130154	1132151	314922	316919	0.0	1441
CP013741.1	AL450380.1	75.666	3041	650	55	2473363	2476334	1974014	1977033	0.0	1434
CP013741.1	AL450380.1	77.111	2582	520	47	3247203	3249744	179830	177280	0.0	1428
CP013741.1	AL450380.1	76.623	2695	563	49	1009394	1012050	2520439	2517774	0.0	1424
CP013741.1	AL450380.1	76.306	2794	582	64	3540321	3543071	954859	952103	0.0	1419
CP013741.1	AL450380.1	79.021	2145	396	31	1830703	1832811	1675739	1677865	0.0	1419
CP013741.1	AL450380.1	82.560	1617	266	8	3797077	3798679	492635	491021	0.0	1410
CP013741.1	AL450380.1	78.024	2257	461	25	3715974	3718206	819384	817139	0.0	1387
CP013741.1	AL450380.1	78.239	2192	451	22	3370804	3372979	2106677	2108858	0.0	1382
CP013741.1	AL450380.1	77.605	2380	463	43	4191167	4193497	160399	158041	0.0	1378
CP013741.1	AL450380.1	80.971	1771	310	24	1206999	1208760	2864965	2863213	0.0	1378
CP013741.1	AL450380.1	76.090	2844	563	73	2390770	2393508	1078968	1076137	0.0	1376
CP013741.1	AL450380.1	83.750	1440	232	2	1794617	1796055	1519721	1521159	0.0	1362
CP013741.1	AL450380.1	82.353	1581	266	11	2467177	2468750	1965985	1967559	0.0	1362
CP013741.1	AL450380.1	79.035	2032	392	20	975921	977928	2546145	2544124	0.0	1362
CP013741.1	AL450380.1	81.329	1671	302	8	1057150	1058813	211160	212827	0.0	1349
CP013741.1	AL450380.1	78.565	2104	410	28	3514658	3516730	771238	769145	0.0	1349
CP013741.1	AL450380.1	80.963	1723	311	15	3568694	3570406	920140	918425	0.0	1349
CP013741.1	AL450380.1	79.428	1959	364	22	2540259	2542184	1947440	1945488	0.0	1349
CP013741.1	AL450380.1	80.645	1767	319	17	3230365	3232121	193766	192013	0.0	1347
CP013741.1	AL450380.1	76.841	2444	526	35	199898	202321	3093542	3095965	0.0	1341
CP013741.1	AL450380.1	82.051	1599	261	12	423681	425268	2970894	2969311	0.0	1339
CP013741.1	AL450380.1	77.626	2266	461	36	1120715	1122964	257225	259460	0.0	1334
CP013741.1	AL450380.1	78.982	1965	402	8	100924	102882	2373616	2375575	0.0	1330
CP013741.1	AL450380.1	78.203	2115	436	17	2780271	2782370	530708	528604	0.0	1328
CP013741.1	AL450380.1	83.894	1397	217	7	403129	404520	2984145	2982752	0.0	1327
CP013741.1	AL450380.1	77.699	2260	431	47	3532421	3534643	962620	960397	0.0	1314
CP013741.1	AL450380.1	80.434	1753	316	14	1750661	1752407	1427794	1429525	0.0	1312
CP013741.1	AL450380.1	82.832	1462	244	5	2076987	2078444	2453630	2452172	0.0	1303
CP013741.1	AL450380.1	75.600	2750	606	54	2271125	2273835	1726004	1728727	0.0	1301
CP013741.1	AL450380.1	76.841	2349	516	26	2277597	2279926	1726392	1728731	0.0	1299
CP013741.1	AL450380.1	81.093	1629	300	7	1722116	1723740	1410867	1412491	0.0	1295
CP013741.1	AL450380.1	79.010	1920	382	15	1425991	1427897	1294673	1296584	0.0	1293
CP013741.1	AL450380.1	80.822	1679	291	26	4240891	4242555	115292	113631	0.0	1288
CP013741.1	AL450380.1	83.513	1389	216	8	1453336	1454716	1323771	1325154	0.0	1284
CP013741.1	AL450380.1	78.964	1911	374	23	4131578	4133470	2762495	2764395	0.0	1277
CP013741.1	AL450380.1	81.078	1633	280	24	322983	324601	3035295	3033678	0.0	1277
CP013741.1	AL450380.1	82.787	1464	217	21	1469985	1471419	1339543	1341000	0.0	1275
CP013741.1	AL450380.1	83.075	1418	218	15	2411933	2413339	1062975	1061569	0.0	1269
CP013741.1	AL450380.1	81.611	1539	278	4	4109159	4110696	2741815	2743349	0.0	1269
CP013741.1	AL450380.1	79.275	1848	356	23	2828725	2830554	627518	625680	0.0	1266
CP013741.1	AL450380.1	76.461	2413	517	39	2361729	2364100	1553957	1551555	0.0	1262
CP013741.1	AL450380.1	82.962	1438	205	20	735184	736605	2292562	2291149	0.0	1262
CP013741.1	AL450380.1	79.784	1761	330	21	2451638	2453385	1026742	1024995	0.0	1256
CP013741.1	AL450380.1	80.967	1613	274	20	2597765	2599368	980232	978644	0.0	1247
CP013741.1	AL450380.1	80.265	1662	318	9	2559030	2560686	2143417	2145073	0.0	1243
CP013741.1	AL450380.1	77.421	2148	443	30	3186907	3189026	2000922	2003055	0.0	1242
CP013741.1	AL450380.1	79.076	1840	347	20	4206651	4208456	149289	147454	0.0	1230
CP013741.1	AL450380.1	79.567	1757	325	21	2819571	2821299	629473	627723	0.0	1225
CP013741.1	AL450380.1	87.873	1039	124	2	2965140	2966177	1190224	1189187	0.0	1219
CP013741.1	AL450380.1	82.398	1426	222	19	2960425	2961839	1194855	1193448	0.0	1216
CP013741.1	AL450380.1	84.041	1272	193	9	2486987	2488253	1992028	1993294	0.0	1216
CP013741.1	AL450380.1	77.123	2155	457	30	4168297	4170439	2948761	2946631	0.0	1216
CP013741.1	AL450380.1	77.424	2073	445	19	2693031	2695090	1759304	1761366	0.0	1214
CP013741.1	AL450380.1	80.639	1596	283	18	2450026	2451598	1028879	1027287	0.0	1212
CP013741.1	AL450380.1	78.537	1887	374	26	2419699	2421570	1055146	1053276	0.0	1212
CP013741.1	AL450380.1	79.270	1780	333	24	3345912	3347665	2079775	2081544	0.0	1210
CP013741.1	AL450380.1	78.643	1901	347	38	3158790	3160662	1935020	1936889	0.0	1206
CP013741.1	AL450380.1	77.435	2105	409	46	2835394	2837459	621803	619726	0.0	1195
CP013741.1	AL450380.1	79.640	1665	314	18	3885876	3887530	2677084	2678733	0.0	1173
CP013741.1	AL450380.1	79.963	1612	304	19	3861698	3863300	2348313	2349914	0.0	1170
CP013741.1	AL450380.1	79.051	1771	321	32	4133475	4135205	2764436	2766196	0.0	1170
CP013741.1	AL450380.1	81.500	1427	256	8	2084921	2086344	2449792	2448371	0.0	1166
CP013741.1	AL450380.1	81.812	1413	231	18	3420052	3421443	804914	803507	0.0	1162
CP013741.1	AL450380.1	78.303	1839	371	21	2368464	2370292	1547593	1545773	0.0	1160
CP013741.1	AL450380.1	85.976	1091	143	9	753206	754290	2278340	2277254	0.0	1158
CP013741.1	AL450380.1	74.040	3047	694	70	110079	113057	2383350	2386367	0.0	1155
CP013741.1	AL450380.1	82.579	1303	227	0	1001557	1002859	2532937	2531635	0.0	1149
CP013741.1	AL450380.1	82.877	1279	214	4	1223631	1224907	2341431	2340156	0.0	1144
CP013741.1	AL450380.1	80.432	1528	272	23	1	1522	58	1564	0.0	1140
CP013741.1	AL450380.1	81.123	1425	267	2	2361729	2363152	1555624	1554201	0.0	1140
CP013741.1	AL450380.1	80.261	1535	280	17	1299119	1300649	1805496	1803981	0.0	1134
CP013741.1	AL450380.1	79.235	1647	325	14	4010773	4012409	2305188	2306827	0.0	1131
CP013741.1	AL450380.1	78.217	1772	378	7	3041632	3043397	948302	946533	0.0	1127
CP013741.1	AL450380.1	81.412	1388	248	7	277965	279347	3074057	3072675	0.0	1125
CP013741.1	AL450380.1	79.584	1587	311	9	873428	875011	2648941	2647365	0.0	1123
CP013741.1	AL450380.1	76.938	2025	429	28	572874	574869	2922674	2920659	0.0	1118
CP013741.1	AL450380.1	80.722	1468	254	23	3572169	3573617	916585	915128	0.0	1116
CP013741.1	AL450380.1	81.524	1391	226	17	1454876	1456238	1325474	1326861	0.0	1116
CP013741.1	AL450380.1	84.802	1112	166	3	50006	51116	492725	493834	0.0	1114
CP013741.1	AL450380.1	81.832	1343	223	15	2503741	2505074	2160246	2161576	0.0	1109
CP013741.1	AL450380.1	73.524	3150	737	73	214286	217381	3107515	3110621	0.0	1107
CP013741.1	AL450380.1	83.611	1202	171	15	749735	750929	2281618	2280436	0.0	1105
CP013741.1	AL450380.1	79.338	1631	287	30	590825	592416	2906708	2905089	0.0	1099
CP013741.1	AL450380.1	81.209	1373	239	12	2873836	2875202	589429	588070	0.0	1088
CP013741.1	AL450380.1	81.268	1356	242	6	3839928	3841281	459316	457971	0.0	1086
CP013741.1	AL450380.1	83.277	1184	195	3	4135314	4136495	2766373	2767555	0.0	1086
CP013741.1	AL450380.1	78.584	1681	331	25	637491	639152	2683256	2684926	0.0	1083
CP013741.1	AL450380.1	79.241	1580	303	18	2961948	2963516	1193385	1191820	0.0	1077
CP013741.1	AL450380.1	83.450	1142	182	5	3312231	3313370	2048040	2049176	0.0	1055
CP013741.1	AL450380.1	76.780	1994	391	40	3342691	3344631	2075926	2077900	0.0	1051
CP013741.1	AL450380.1	75.934	2169	451	42	1500394	1502526	1364666	1366799	0.0	1048
CP013741.1	AL450380.1	79.245	1590	257	41	3841386	3842929	457885	456323	0.0	1040
CP013741.1	AL450380.1	78.134	1651	344	11	3557537	3559179	927285	925644	0.0	1033
CP013741.1	AL450380.1	79.606	1471	270	24	2790985	2792436	526136	524677	0.0	1027
CP013741.1	AL450380.1	75.844	2132	439	61	4282898	4284995	96369	94280	0.0	1014
CP013741.1	AL450380.1	80.589	1324	242	13	910076	911394	2613359	2612046	0.0	1007
CP013741.1	AL450380.1	81.386	1241	225	6	576571	577808	2919295	2918058	0.0	1007
CP013741.1	AL450380.1	82.034	1180	204	7	3528068	3529243	967117	965942	0.0	998
CP013741.1	AL450380.1	79.131	1519	258	45	3584533	3586028	904375	902893	0.0	994
CP013741.1	AL450380.1	78.405	1630	279	45	2377451	2379056	1092373	1090793	0.0	992
CP013741.1	AL450380.1	77.915	1621	323	23	4095386	4096988	2734780	2736383	0.0	977
CP013741.1	AL450380.1	83.922	1020	164	0	1669633	1670652	2189484	2188465	0.0	976
CP013741.1	AL450380.1	81.312	1204	223	1	580427	581628	2916529	2915326	0.0	976
CP013741.1	AL450380.1	80.184	1307	254	5	2795035	2796337	1407681	1406376	0.0	974
CP013741.1	AL450380.1	81.679	1179	207	7	2352915	2354084	1563113	1561935	0.0	972
CP013741.1	AL450380.1	82.016	1151	195	8	3250319	3251461	176589	175443	0.0	968
CP013741.1	AL450380.1	80.724	1271	220	14	2668315	2669562	736433	735165	0.0	966
CP013741.1	AL450380.1	80.499	1323	207	24	58565	59856	3233980	3232678	0.0	966
CP013741.1	AL450380.1	81.510	1179	204	9	1374683	1375851	1243753	1244927	0.0	957
CP013741.1	AL450380.1	77.757	1614	317	23	1311784	1313369	1794559	1792960	0.0	953
CP013741.1	AL450380.1	85.371	916	130	3	737463	738376	2288518	2287605	0.0	946
CP013741.1	AL450380.1	86.437	870	106	6	3146205	3147065	1923256	1924122	0.0	942
CP013741.1	AL450380.1	80.419	1241	236	7	3127535	3128771	1906992	1908229	0.0	939
CP013741.1	AL450380.1	82.732	1054	179	3	156844	157895	3178796	3177744	0.0	935
CP013741.1	AL450380.1	76.474	1747	393	16	2065848	2067585	2462518	2460781	0.0	933
CP013741.1	AL450380.1	80.964	1182	220	5	2871495	2872671	591872	590691	0.0	931
CP013741.1	AL450380.1	80.519	1232	222	8	3027663	3028881	1840481	1841707	0.0	929
CP013741.1	AL450380.1	80.376	1223	232	4	4276302	4277523	103314	102099	0.0	922
CP013741.1	AL450380.1	80.960	1187	206	12	3128841	3130011	1908266	1909448	0.0	922
CP013741.1	AL450380.1	81.544	1127	186	13	1554317	1555432	648423	649538	0.0	909
CP013741.1	AL450380.1	79.745	1254	252	2	3035582	3036834	1017507	1016255	0.0	907
CP013741.1	AL450380.1	75.623	1965	406	57	1806462	1808392	1531700	1533625	0.0	907
CP013741.1	AL450380.1	77.792	1531	300	31	2482311	2483812	1987241	1988760	0.0	907
CP013741.1	AL450380.1	80.226	1239	214	18	1820789	1822004	1666941	1668171	0.0	902
CP013741.1	AL450380.1	82.854	1009	168	4	1386100	1387106	1254651	1255656	0.0	900
CP013741.1	AL450380.1	83.282	981	160	4	242376	243354	3126487	3127465	0.0	900
CP013741.1	AL450380.1	81.216	1118	207	3	905769	906884	2620532	2619416	0.0	898
CP013741.1	AL450380.1	76.947	1631	341	29	1208930	1210538	2863005	2861388	0.0	896
CP013741.1	AL450380.1	81.574	1080	197	2	2591553	2592631	989524	988446	0.0	891
CP013741.1	AL450380.1	82.233	1030	179	3	491910	492937	354034	353007	0.0	885
CP013741.1	AL450380.1	80.444	1171	219	10	1847206	1848371	1690904	1692069	0.0	885
CP013741.1	AL450380.1	78.736	1345	270	13	173618	174954	3158729	3157393	0.0	885
CP013741.1	AL450380.1	81.853	1047	188	2	3687983	3689028	838751	837706	0.0	880
CP013741.1	AL450380.1	81.853	1047	188	2	3667279	3668324	838751	837706	0.0	880
CP013741.1	AL450380.1	81.853	1047	188	2	3646575	3647620	838751	837706	0.0	880
CP013741.1	AL450380.1	78.415	1413	250	42	1644488	1645869	717903	719291	0.0	869
CP013741.1	AL450380.1	82.318	1001	173	3	1595854	1596852	682754	683752	0.0	865
CP013741.1	AL450380.1	84.371	883	134	2	2890686	2891566	550189	551069	0.0	863
CP013741.1	AL450380.1	77.793	1459	281	35	1451726	1453150	1322127	1323576	0.0	859
CP013741.1	AL450380.1	80.295	1152	214	10	22036	23179	25452	26598	0.0	857
CP013741.1	AL450380.1	77.648	1454	294	22	1288117	1289564	1816506	1815078	0.0	856
CP013741.1	AL450380.1	81.599	1038	187	4	3353768	3354803	2087960	2088995	0.0	856
CP013741.1	AL450380.1	75.618	1739	405	17	1328701	1330428	1467577	1469307	0.0	845
CP013741.1	AL450380.1	83.424	917	144	7	919966	920878	2600060	2599148	0.0	845
CP013741.1	AL450380.1	75.133	1882	425	31	2400510	2402371	1073388	1071530	0.0	843
CP013741.1	AL450380.1	77.762	1412	286	22	2991822	2993210	1157188	1155782	0.0	843
CP013741.1	AL450380.1	83.189	922	153	2	885926	886846	2636934	2636014	0.0	843
CP013741.1	AL450380.1	77.817	1429	269	22	3199417	3200839	2820195	2818809	0.0	839
CP013741.1	AL450380.1	79.947	1132	221	6	3033330	3034457	1846953	1848082	0.0	828
CP013741.1	AL450380.1	86.104	770	101	2	736617	737380	2291078	2290309	0.0	824
CP013741.1	AL450380.1	82.353	952	160	7	3040470	3041417	1013089	1012142	0.0	821
CP013741.1	AL450380.1	82.218	956	164	6	1132265	1133217	316988	317940	0.0	819
CP013741.1	AL450380.1	78.952	1221	242	13	3824958	3826171	469344	468132	0.0	817
CP013741.1	AL450380.1	79.717	1129	225	4	2421639	2422765	1053243	1052117	0.0	813
CP013741.1	AL450380.1	79.368	1202	208	25	2435377	2436570	1040845	1039676	0.0	809
CP013741.1	AL450380.1	80.279	1075	208	4	1241297	1242369	2323281	2322209	0.0	808
CP013741.1	AL450380.1	81.496	989	173	8	2963676	2964661	1191657	1190676	0.0	804
CP013741.1	AL450380.1	77.948	1306	272	14	3260994	3262288	168886	167586	0.0	802
CP013741.1	AL450380.1	75.369	1827	358	57	2433591	2435379	1042654	1040882	0.0	797
CP013741.1	AL450380.1	77.389	1402	277	28	2426904	2428282	1049088	1047704	0.0	797
CP013741.1	AL450380.1	85.471	764	102	7	3139296	3140058	1915427	1916182	0.0	787
CP013741.1	AL450380.1	77.956	1311	250	29	3179979	3181258	1953457	1954759	0.0	784
CP013741.1	AL450380.1	78.147	1263	250	19	1124411	1125666	309686	310929	0.0	780
CP013741.1	AL450380.1	74.930	1787	407	32	2478873	2480632	1978475	1980247	0.0	780
CP013741.1	AL450380.1	84.304	790	123	1	2888314	2889102	577127	576338	0.0	771
CP013741.1	AL450380.1	81.681	928	168	2	1914810	1915736	1627968	1628894	0.0	771
CP013741.1	AL450380.1	73.553	2246	494	72	1290292	1292488	1814283	1812089	0.0	765
CP013741.1	AL450380.1	83.153	831	138	2	1643574	1644403	716927	717756	0.0	758
CP013741.1	AL450380.1	81.991	894	159	2	1728384	1729276	1417759	1418651	0.0	758
CP013741.1	AL450380.1	82.434	871	150	1	560035	560902	2934953	2934083	0.0	758
CP013741.1	AL450380.1	76.669	1483	270	45	906963	908396	2619330	2617875	0.0	752
CP013741.1	AL450380.1	77.849	1246	253	22	2947420	2948652	1200478	1199243	0.0	750
CP013741.1	AL450380.1	84.375	768	109	10	459759	460521	2962437	2963198	0.0	743
CP013741.1	AL450380.1	80.390	974	191	0	605689	606662	2894770	2893797	0.0	741
CP013741.1	AL450380.1	81.891	878	157	2	3527163	3528039	968065	967189	0.0	739
CP013741.1	AL450380.1	76.228	1405	324	9	1404294	1405693	1272360	1273759	0.0	736
CP013741.1	AL450380.1	79.655	1042	196	14	2371820	2372853	1544316	1543283	0.0	736
CP013741.1	AL450380.1	75.580	1552	346	26	3299475	3301011	2036633	2038166	0.0	736
CP013741.1	AL450380.1	78.815	1114	219	10	271481	272581	3081329	3080220	0.0	734
CP013741.1	AL450380.1	80.742	971	157	13	1633184	1634151	709907	710850	0.0	730
CP013741.1	AL450380.1	85.776	689	98	0	4087423	4088111	2726900	2727588	0.0	730
CP013741.1	AL450380.1	82.479	839	138	9	2783965	2784798	527002	526168	0.0	726
CP013741.1	AL450380.1	75.799	1533	316	29	1456386	1457901	1326952	1328446	0.0	725
CP013741.1	AL450380.1	79.368	1076	185	22	60035	61080	3232498	3231430	0.0	723
CP013741.1	AL450380.1	80.141	992	172	13	2870423	2871391	593014	592025	0.0	717
CP013741.1	AL450380.1	84.362	729	114	0	596585	597313	2900855	2900127	0.0	715
CP013741.1	AL450380.1	82.389	812	142	1	4197875	4198686	153594	152784	0.0	706
CP013741.1	AL450380.1	76.511	1307	286	17	3260994	3262288	172901	171604	0.0	693
CP013741.1	AL450380.1	83.421	760	111	7	2997567	2998323	1153671	1152924	0.0	691
CP013741.1	AL450380.1	75.410	1464	338	14	1685209	1686662	2177854	2176403	0.0	689
CP013741.1	AL450380.1	77.740	1177	222	21	4249011	4250179	110178	109034	0.0	686
CP013741.1	AL450380.1	78.439	1076	213	16	2118175	2119244	2419571	2418509	0.0	684
CP013741.1	AL450380.1	78.916	996	202	8	4277750	4278741	101895	100904	0.0	669
CP013741.1	AL450380.1	84.799	671	96	4	2428450	2429118	1047579	1046913	0.0	669
CP013741.1	AL450380.1	74.415	1708	368	44	571076	572738	2924470	2922787	0.0	669
CP013741.1	AL450380.1	72.660	2147	536	41	4072232	4074342	2713420	2715551	0.0	665
CP013741.1	AL450380.1	85.581	645	77	9	3094683	3095325	1882777	1883407	0.0	662
CP013741.1	AL450380.1	81.430	797	148	0	2429202	2429998	1046781	1045985	0.0	652
CP013741.1	AL450380.1	80.000	905	164	15	561990	562884	2932927	2932030	0.0	652
CP013741.1	AL450380.1	78.821	1001	184	9	4041411	4042386	279074	280071	0.0	649
CP013741.1	AL450380.1	78.615	982	206	4	1435949	1436928	1304111	1305090	0.0	647
CP013741.1	AL450380.1	76.748	1187	259	12	2370529	2371711	1545556	1544383	0.0	647
CP013741.1	AL450380.1	78.824	935	192	6	3280033	3280964	2020081	2021012	8.40e-176	625
CP013741.1	AL450380.1	76.565	1182	249	22	2132368	2133526	2407271	2406095	3.02e-175	623
CP013741.1	AL450380.1	88.359	524	49	12	2927079	2927599	1602890	1602376	3.91e-174	619
CP013741.1	AL450380.1	81.137	774	145	1	771468	772240	2268959	2268186	3.91e-174	619
CP013741.1	AL450380.1	81.664	769	119	15	1026535	1027283	2507764	2506998	3.91e-174	619
CP013741.1	AL450380.1	83.481	678	96	10	2471807	2472468	1971539	1972216	1.41e-173	617
CP013741.1	AL450380.1	78.317	1010	182	17	3285573	3286547	2023094	2024101	1.41e-173	617
CP013741.1	AL450380.1	76.966	1081	237	11	3529343	3530418	965720	964647	3.04e-170	606
CP013741.1	AL450380.1	81.856	722	127	4	1366409	1367128	1238386	1239105	1.09e-169	604
CP013741.1	AL450380.1	73.491	1773	397	56	913009	914749	2609839	2608108	3.94e-169	603
CP013741.1	AL450380.1	78.808	906	182	8	2603865	2604765	764382	763482	1.42e-168	601
CP013741.1	AL450380.1	79.613	878	147	21	2978615	2979463	1175671	1174797	1.42e-168	601
CP013741.1	AL450380.1	90.487	452	37	4	3415506	3415952	809425	808975	8.52e-166	592
CP013741.1	AL450380.1	80.203	788	149	7	1390776	1391560	1259205	1259988	1.43e-163	584
CP013741.1	AL450380.1	82.753	661	102	10	2698029	2698686	1764248	1764899	6.64e-162	579
CP013741.1	AL450380.1	81.011	732	134	5	1915802	1916530	1628924	1629653	2.39e-161	577
CP013741.1	AL450380.1	78.427	890	188	3	3150385	3151272	1924848	1925735	2.39e-161	577
CP013741.1	AL450380.1	79.273	825	167	4	1407318	1408140	1279133	1279955	3.09e-160	573
CP013741.1	AL450380.1	88.211	492	42	12	925862	926348	2595059	2594579	3.09e-160	573
CP013741.1	AL450380.1	78.770	862	174	9	2118173	2119029	122123	121266	3.99e-159	569
CP013741.1	AL450380.1	71.719	2309	565	82	1860271	1862532	182296	184563	5.17e-158	566
CP013741.1	AL450380.1	80.728	742	130	11	3237677	3238412	189243	188509	5.17e-158	566
CP013741.1	AL450380.1	90.300	433	38	4	4059191	4059621	265101	264671	1.86e-157	564
CP013741.1	AL450380.1	78.352	910	161	23	3379379	3380266	2133845	2134740	3.11e-155	556
CP013741.1	AL450380.1	77.672	945	189	17	969460	970388	2552956	2552018	3.11e-155	556
CP013741.1	AL450380.1	88.403	457	50	2	1562181	1562634	656779	657235	1.87e-152	547
CP013741.1	AL450380.1	81.333	675	120	6	3621515	3622187	860603	859933	2.42e-151	544
CP013741.1	AL450380.1	77.766	922	179	17	1199157	1200054	2871570	2870651	2.42e-151	544
CP013741.1	AL450380.1	80.659	698	135	0	2087410	2088107	2447217	2446520	8.71e-151	542
CP013741.1	AL450380.1	77.802	901	182	12	40997	41891	32816	33704	3.13e-150	540
CP013741.1	AL450380.1	76.365	1062	211	27	980971	982005	2542476	2541428	1.46e-148	534
CP013741.1	AL450380.1	77.958	862	184	5	626759	627617	2878242	2877384	1.46e-148	534
CP013741.1	AL450380.1	80.054	742	127	16	2453562	2454298	1024828	1024103	1.88e-147	531
CP013741.1	AL450380.1	76.799	931	208	7	1326418	1327344	1464232	1465158	5.28e-143	516
CP013741.1	AL450380.1	74.298	1389	272	56	808113	809443	2237451	2236090	8.83e-141	508
CP013741.1	AL450380.1	82.245	597	98	7	2684433	2685025	2433029	2433621	8.83e-141	508
CP013741.1	AL450380.1	85.421	487	71	0	2108577	2109063	2429814	2429328	3.18e-140	507
CP013741.1	AL450380.1	84.449	508	79	0	4023803	4024310	299588	299081	1.48e-138	501
CP013741.1	AL450380.1	81.392	618	107	8	4006606	4007219	2302787	2303400	1.91e-137	497
CP013741.1	AL450380.1	80.848	637	114	6	658723	659354	2706835	2707468	2.47e-136	494
CP013741.1	AL450380.1	78.189	784	159	8	982610	983390	2540730	2539956	3.20e-135	490
CP013741.1	AL450380.1	84.584	493	75	1	4038273	4038764	282045	281553	1.15e-134	488
CP013741.1	AL450380.1	85.115	477	71	0	61084	61560	3230991	3230515	1.15e-134	488
CP013741.1	AL450380.1	81.395	602	104	5	1586540	1587137	675552	676149	1.49e-133	484
CP013741.1	AL450380.1	81.664	589	100	5	4167712	4168293	2949390	2948803	5.35e-133	483
CP013741.1	AL450380.1	81.150	626	92	16	1140429	1141032	326377	326998	6.92e-132	479
CP013741.1	AL450380.1	73.608	1383	308	35	1303272	1304617	1802831	1801469	6.92e-132	479
CP013741.1	AL450380.1	73.983	1303	277	40	1402917	1404176	1270944	1272227	1.16e-129	472
CP013741.1	AL450380.1	80.788	609	110	6	24910	25515	28128	28732	4.17e-129	470
CP013741.1	AL450380.1	83.172	517	76	5	2402387	2402894	1071457	1070943	6.97e-127	462
CP013741.1	AL450380.1	84.685	444	68	0	3816506	3816949	480543	480100	2.53e-121	444
CP013741.1	AL450380.1	78.348	702	138	13	562050	562744	2933129	2933823	9.08e-121	442
CP013741.1	AL450380.1	75.437	916	217	8	1116927	1117838	252769	253680	1.17e-119	438
CP013741.1	AL450380.1	77.778	729	144	17	4138075	4138796	2769234	2769951	5.47e-118	433
CP013741.1	AL450380.1	78.797	665	124	15	2959587	2960235	1195656	1194993	1.97e-117	431
CP013741.1	AL450380.1	80.351	570	108	4	1136147	1136713	320674	321242	7.07e-117	429
CP013741.1	AL450380.1	73.034	1424	301	62	3536362	3537733	958765	957373	9.15e-116	425
CP013741.1	AL450380.1	86.528	386	48	4	58093	58476	3234507	3234124	1.18e-114	422
CP013741.1	AL450380.1	79.248	612	114	10	1016804	1017404	2514579	2513970	1.98e-112	414
CP013741.1	AL450380.1	75.400	874	201	12	1087755	1088617	231782	230912	2.56e-111	411
CP013741.1	AL450380.1	84.186	430	61	5	2872885	2873313	590485	590062	2.56e-111	411
CP013741.1	AL450380.1	79.928	558	110	2	1135463	1136019	319966	320522	9.21e-111	409
CP013741.1	AL450380.1	77.732	723	124	23	2284187	2284887	1732977	1733684	9.21e-111	409
CP013741.1	AL450380.1	80.292	548	98	7	2303688	2304230	1740916	1741458	1.19e-109	405
CP013741.1	AL450380.1	80.524	534	92	10	2179041	2179566	420491	421020	5.54e-108	399
CP013741.1	AL450380.1	76.711	760	152	16	1507887	1508643	1372503	1373240	5.54e-108	399
CP013741.1	AL450380.1	81.301	492	80	11	3819495	3819978	476297	475810	1.20e-104	388
CP013741.1	AL450380.1	77.934	639	120	13	4030899	4031518	505443	504807	7.22e-102	379
CP013741.1	AL450380.1	76.479	727	148	16	501442	502152	383594	382875	3.36e-100	374
CP013741.1	AL450380.1	78.709	573	111	10	1115148	1115712	250809	251378	1.21e-99	372
CP013741.1	AL450380.1	74.722	898	196	27	3759168	3760043	523115	522227	1.21e-99	372
CP013741.1	AL450380.1	82.028	434	74	4	3691314	3691745	836869	836438	5.62e-98	366
CP013741.1	AL450380.1	82.028	434	74	4	3670610	3671041	836869	836438	5.62e-98	366
CP013741.1	AL450380.1	82.028	434	74	4	3649906	3650337	836869	836438	5.62e-98	366
CP013741.1	AL450380.1	77.597	616	128	7	76261	76874	2129655	2130262	2.02e-97	364
CP013741.1	AL450380.1	76.621	663	141	12	4193539	4194194	157962	157307	4.38e-94	353
CP013741.1	AL450380.1	83.777	376	57	4	3039993	3040364	1013524	1013149	4.38e-94	353
CP013741.1	AL450380.1	81.406	441	71	9	1059760	1060194	213173	213608	5.66e-93	350
CP013741.1	AL450380.1	82.532	395	67	2	2599736	2600128	978183	977789	7.33e-92	346
CP013741.1	AL450380.1	73.729	944	211	26	4038858	4039790	276733	277650	1.59e-88	335
CP013741.1	AL450380.1	82.474	388	60	4	3690925	3691308	837333	836950	5.70e-88	333
CP013741.1	AL450380.1	82.474	388	60	4	3670221	3670604	837333	836950	5.70e-88	333
CP013741.1	AL450380.1	82.474	388	60	4	3649517	3649900	837333	836950	5.70e-88	333
CP013741.1	AL450380.1	76.324	642	137	15	665349	665982	2503998	2503364	7.38e-87	329
CP013741.1	AL450380.1	73.077	1014	236	31	3247852	3248845	2821746	2822742	9.54e-86	326
CP013741.1	AL450380.1	82.873	362	60	2	1761801	1762161	1437146	1437506	3.43e-85	324
CP013741.1	AL450380.1	76.846	596	125	10	600473	601061	2843219	2842630	3.43e-85	324
CP013741.1	AL450380.1	76.694	605	128	10	600464	601061	2849032	2849630	3.43e-85	324
CP013741.1	AL450380.1	75.826	666	143	15	383736	384386	3000218	2999556	1.23e-84	322
CP013741.1	AL450380.1	72.981	1003	232	26	1250227	1251211	1119383	1120364	2.07e-82	315
CP013741.1	AL450380.1	74.233	815	181	23	105365	106164	2378462	2379262	2.07e-82	315
CP013741.1	AL450380.1	86.792	265	33	2	3543088	3543351	952053	951790	2.69e-76	294
CP013741.1	AL450380.1	86.957	253	33	0	1206721	1206973	2865292	2865040	1.62e-73	285
CP013741.1	AL450380.1	73.582	776	190	8	2327660	2328425	1583369	1582599	5.83e-73	283
CP013741.1	AL450380.1	82.235	349	39	13	4185447	4185780	165223	164883	7.54e-72	279
CP013741.1	AL450380.1	73.458	859	181	36	2662830	2663667	741574	740742	7.54e-72	279
CP013741.1	AL450380.1	82.353	323	53	4	2969482	2969802	1189893	1189573	2.71e-71	278
CP013741.1	AL450380.1	87.500	240	30	0	1300785	1301024	1803878	1803639	2.71e-71	278
CP013741.1	AL450380.1	79.302	401	67	14	852705	853096	2659764	2659371	5.87e-68	267
CP013741.1	AL450380.1	75.671	559	119	13	1055937	1056482	209891	210445	7.59e-67	263
CP013741.1	AL450380.1	93.491	169	11	0	1395818	1395986	1263602	1263770	1.64e-63	252
CP013741.1	AL450380.1	85.417	240	35	0	1615829	1616068	699949	700188	5.91e-63	250
CP013741.1	AL450380.1	87.558	217	25	2	3279049	3279264	2018886	2019101	5.91e-63	250
CP013741.1	AL450380.1	73.352	728	169	18	391097	391816	2987407	2986697	7.64e-62	246
CP013741.1	AL450380.1	72.194	971	211	40	3552762	3553707	931830	930894	9.89e-61	243
CP013741.1	AL450380.1	83.846	260	33	7	2138894	2139147	2401291	2401035	1.28e-59	239
CP013741.1	AL450380.1	73.662	710	141	34	3295508	3296192	2032525	2033213	5.95e-58	233
CP013741.1	AL450380.1	79.762	336	53	8	10852	11187	12159	12479	7.70e-57	230
CP013741.1	AL450380.1	75.407	492	105	16	3046696	3047177	1214174	1214659	3.58e-55	224
CP013741.1	AL450380.1	80.986	284	52	2	1238904	1239186	2325984	2325702	3.58e-55	224
CP013741.1	AL450380.1	91.139	158	11	3	2375001	2375156	1536105	1535949	2.79e-51	211
CP013741.1	AL450380.1	76.640	381	85	4	120012	120390	2375552	2375174	3.61e-50	207
CP013741.1	AL450380.1	88.000	175	19	2	3715548	3715721	819843	819670	1.30e-49	206
CP013741.1	AL450380.1	71.995	807	190	25	3599322	3600098	886651	885851	1.30e-49	206
CP013741.1	AL450380.1	89.286	168	13	5	734598	734763	2293054	2292890	1.30e-49	206
CP013741.1	AL450380.1	77.353	340	71	6	3810648	3810984	485588	485252	7.81e-47	196
CP013741.1	AL450380.1	88.272	162	19	0	1238510	1238671	2326357	2326196	2.81e-46	195
CP013741.1	AL450380.1	75.000	444	98	9	911527	911966	2611471	2611037	1.01e-45	193
CP013741.1	AL450380.1	79.044	272	57	0	2873451	2873722	589914	589643	4.70e-44	187
CP013741.1	AL450380.1	91.304	138	9	3	3504881	3505017	780372	780237	1.69e-43	185
CP013741.1	AL450380.1	94.262	122	5	2	4097450	4097570	2736751	2736871	1.69e-43	185
CP013741.1	AL450380.1	90.071	141	11	2	25586	25723	28852	28992	7.86e-42	180
CP013741.1	AL450380.1	77.698	278	56	4	1252394	1252668	1122426	1122700	2.20e-37	165
CP013741.1	AL450380.1	96.907	97	3	0	2751035	2751131	1481541	1481445	7.92e-37	163
CP013741.1	AL450380.1	94.340	106	6	0	4137944	4138049	2769028	2769133	7.92e-37	163
CP013741.1	AL450380.1	96.939	98	2	1	387458	387555	2989428	2989332	7.92e-37	163
CP013741.1	AL450380.1	89.062	128	13	1	2589573	2589699	990917	990790	3.68e-35	158
CP013741.1	AL450380.1	79.757	247	20	16	1830419	1830651	1675416	1675646	1.71e-33	152
CP013741.1	AL450380.1	88.889	117	9	4	1027429	1027543	2506678	2506564	3.71e-30	141
CP013741.1	AL450380.1	100.000	75	0	0	1179521	1179595	344340	344414	1.33e-29	139
CP013741.1	AL450380.1	100.000	75	0	0	1925030	1925104	1638366	1638440	1.33e-29	139
CP013741.1	AL450380.1	92.784	97	6	1	3296196	3296292	2033267	2033362	1.33e-29	139
CP013741.1	AL450380.1	93.684	95	3	3	2551928	2552020	2135493	2135586	1.33e-29	139
CP013741.1	AL450380.1	72.897	428	102	12	1703550	1703970	175154	174734	1.73e-28	135
CP013741.1	AL450380.1	69.991	1093	257	45	2564424	2565484	2148795	2149848	1.73e-28	135
CP013741.1	AL450380.1	98.649	74	1	0	1140201	1140274	326133	326206	2.23e-27	132
CP013741.1	AL450380.1	89.888	89	9	0	3566773	3566861	920987	920899	2.25e-22	115
CP013741.1	AL450380.1	82.171	129	20	1	139824	139949	3196933	3196805	3.76e-20	108
CP013741.1	AL450380.1	95.312	64	3	0	3499436	3499499	780378	780315	1.75e-18	102
CP013741.1	AL450380.1	84.466	103	16	0	3615502	3615604	865701	865599	1.75e-18	102
CP013741.1	AL450380.1	91.667	72	5	1	1101225	1101295	242821	242892	2.27e-17	99.0
CP013741.1	AL450380.1	70.270	518	139	14	1523016	1523525	2118426	2118936	1.36e-14	89.8
CP013741.1	AL450380.1	93.220	59	2	2	1457219	1457276	1777871	1777814	1.76e-13	86.1
CP013741.1	AL450380.1	79.200	125	23	2	1289811	1289933	1814841	1814718	6.34e-13	84.2
CP013741.1	AL450380.1	97.826	46	1	0	2942670	2942715	1629703	1629748	8.20e-12	80.5
CP013741.1	AL450380.1	97.826	46	1	0	2942721	2942766	1629703	1629748	8.20e-12	80.5
CP013741.1	AL450380.1	97.826	46	1	0	2942772	2942817	1629703	1629748	8.20e-12	80.5
CP013741.1	AL450380.1	97.826	46	1	0	2942823	2942868	1629703	1629748	8.20e-12	80.5
CP013741.1	AL450380.1	97.826	46	1	0	2942874	2942919	1629703	1629748	8.20e-12	80.5
CP013741.1	AL450380.1	82.474	97	10	7	1027415	1027508	1316284	1316376	2.95e-11	78.7
CP013741.1	AL450380.1	94.231	52	1	2	797155	797205	1777873	1777823	2.95e-11	78.7
CP013741.1	AL450380.1	93.878	49	3	0	3139183	3139231	1164321	1164273	3.82e-10	75.0
CP013741.1	AL450380.1	92.308	52	4	0	962366	962417	1915421	1915472	3.82e-10	75.0
CP013741.1	AL450380.1	95.556	45	2	0	962373	962417	1164313	1164269	1.37e-09	73.1
CP013741.1	AL450380.1	97.674	43	0	1	1642582	1642623	1194882	1194840	1.37e-09	73.1
CP013741.1	AL450380.1	97.674	43	0	1	1642529	1642570	1194882	1194840	1.37e-09	73.1
CP013741.1	AL450380.1	97.674	43	0	1	1642476	1642517	1194882	1194840	1.37e-09	73.1
CP013741.1	AL450380.1	93.750	48	3	0	3139246	3139293	1629739	1629692	1.37e-09	73.1
CP013741.1	AL450380.1	93.750	48	3	0	3139193	3139240	1629739	1629692	1.37e-09	73.1
CP013741.1	AL450380.1	82.353	85	11	4	4209029	4209111	139275	139193	4.94e-09	71.3
CP013741.1	AL450380.1	95.455	44	2	0	3139297	3139340	1164313	1164270	4.94e-09	71.3
CP013741.1	AL450380.1	97.561	41	1	0	3139244	3139284	1164313	1164273	4.94e-09	71.3
CP013741.1	AL450380.1	97.561	41	1	0	2942668	2942708	1164273	1164313	4.94e-09	71.3
CP013741.1	AL450380.1	97.561	41	1	0	2942719	2942759	1164273	1164313	4.94e-09	71.3
CP013741.1	AL450380.1	97.561	41	1	0	2942770	2942810	1164273	1164313	4.94e-09	71.3
CP013741.1	AL450380.1	97.561	41	1	0	2942821	2942861	1164273	1164313	4.94e-09	71.3
CP013741.1	AL450380.1	97.561	41	1	0	2942872	2942912	1164273	1164313	4.94e-09	71.3
CP013741.1	AL450380.1	97.561	41	1	0	962320	962360	1164313	1164273	4.94e-09	71.3
CP013741.1	AL450380.1	95.455	44	2	0	3139243	3139286	1915427	1915470	4.94e-09	71.3
CP013741.1	AL450380.1	100.000	37	0	0	3139299	3139335	1629739	1629703	1.78e-08	69.4
CP013741.1	AL450380.1	100.000	37	0	0	962375	962411	1629739	1629703	1.78e-08	69.4
CP013741.1	AL450380.1	100.000	37	0	0	962322	962358	1629739	1629703	1.78e-08	69.4
CP013741.1	AL450380.1	92.000	50	3	1	1623373	1623422	1777823	1777871	1.78e-08	69.4
CP013741.1	AL450380.1	91.837	49	4	0	962313	962361	1915421	1915469	1.78e-08	69.4
CP013741.1	AL450380.1	95.349	43	2	0	2942871	2942913	1915469	1915427	1.78e-08	69.4
CP013741.1	AL450380.1	95.349	43	2	0	2942820	2942862	1915469	1915427	1.78e-08	69.4
CP013741.1	AL450380.1	95.349	43	2	0	2942769	2942811	1915469	1915427	1.78e-08	69.4
CP013741.1	AL450380.1	95.349	43	2	0	2942718	2942760	1915469	1915427	1.78e-08	69.4
CP013741.1	AL450380.1	95.349	43	2	0	2942667	2942709	1915469	1915427	1.78e-08	69.4
CP013741.1	AL450380.1	85.075	67	9	1	3572142	3572207	1164326	1164260	6.39e-08	67.6
CP013741.1	AL450380.1	95.122	41	2	0	1916521	1916561	1915467	1915427	2.30e-07	65.8
CP013741.1	AL450380.1	93.182	44	3	0	1623373	1623416	2884050	2884093	2.30e-07	65.8
CP013741.1	AL450380.1	95.122	41	2	0	1923184	1923224	2884090	2884050	2.30e-07	65.8
CP013741.1	AL450380.1	89.796	49	5	0	2322032	2322080	1071459	1071507	8.26e-07	63.9
CP013741.1	AL450380.1	89.583	48	5	0	1623374	1623421	126654	126607	2.97e-06	62.1
CP013741.1	AL450380.1	91.111	45	4	0	2322093	2322137	1071463	1071507	2.97e-06	62.1
CP013741.1	AL450380.1	91.111	45	4	0	2645224	2645268	1164269	1164313	2.97e-06	62.1
CP013741.1	AL450380.1	100.000	33	0	0	2729819	2729851	1258591	1258623	2.97e-06	62.1
CP013741.1	AL450380.1	89.583	48	4	1	1808525	1808572	1164313	1164267	1.07e-05	60.2
CP013741.1	AL450380.1	92.683	41	3	0	2645282	2645322	1164273	1164313	1.07e-05	60.2
CP013741.1	AL450380.1	90.909	44	4	0	797162	797205	2884093	2884050	1.07e-05	60.2
CP013741.1	AL450380.1	87.755	49	6	0	1451663	1451711	1071507	1071459	3.84e-05	58.4
CP013741.1	AL450380.1	97.059	34	1	0	2645336	2645369	1164273	1164306	3.84e-05	58.4
CP013741.1	AL450380.1	100.000	30	0	0	797166	797195	126616	126645	1.38e-04	56.5
CP013741.1	AL450380.1	100.000	30	0	0	804126	804155	126616	126645	1.38e-04	56.5
CP013741.1	AL450380.1	100.000	30	0	0	804180	804209	126616	126645	1.38e-04	56.5
CP013741.1	AL450380.1	94.595	37	1	1	4017502	4017538	305945	305910	1.38e-04	56.5
CP013741.1	AL450380.1	92.308	39	3	0	1451606	1451644	1071507	1071469	1.38e-04	56.5
CP013741.1	AL450380.1	92.308	39	3	0	1451549	1451587	1071507	1071469	1.38e-04	56.5
CP013741.1	AL450380.1	92.308	39	3	0	1451492	1451530	1071507	1071469	1.38e-04	56.5
CP013741.1	AL450380.1	100.000	30	0	0	1240377	1240406	2324465	2324436	1.38e-04	56.5
CP013741.1	AL450380.1	94.444	36	2	0	2674608	2674643	2884058	2884093	1.38e-04	56.5
CP013741.1	AL450380.1	100.000	29	0	0	2674611	2674639	126644	126616	4.97e-04	54.7
CP013741.1	AL450380.1	100.000	29	0	0	4233418	4233446	372412	372440	4.97e-04	54.7
CP013741.1	AL450380.1	100.000	28	0	0	1457231	1457258	126618	126645	0.002	52.8
CP013741.1	AL450380.1	100.000	28	0	0	3518112	3518139	1071480	1071507	0.002	52.8
CP013741.1	AL450380.1	100.000	28	0	0	804182	804209	1777860	1777833	0.002	52.8
CP013741.1	AL450380.1	100.000	28	0	0	804128	804155	1777860	1777833	0.002	52.8
CP013741.1	AL450380.1	100.000	28	0	0	2121729	2121756	2222875	2222848	0.002	52.8
