AL450380.1	FR878060.1	79.664	19158	3507	254	2793920	2812904	3251627	3232686	0.0	13435
AL450380.1	FR878060.1	86.346	7844	1026	39	2269270	2277093	764709	756891	0.0	8510
AL450380.1	FR878060.1	94.669	4990	189	39	1341143	1346097	1474812	1479759	0.0	7670
AL450380.1	FR878060.1	80.715	9282	1709	60	1396601	1405852	2836141	2826911	0.0	7149
AL450380.1	FR878060.1	81.380	8507	1468	89	180003	188453	3278624	3270178	0.0	6828
AL450380.1	FR878060.1	84.389	6412	934	38	194160	200535	3261191	3254811	0.0	6233
AL450380.1	FR878060.1	81.578	6579	1177	31	77465	84030	4313857	4307301	0.0	5402
AL450380.1	FR878060.1	78.129	7439	1497	99	3016493	3023888	346294	338943	0.0	4604
AL450380.1	FR878060.1	81.124	5727	1035	33	1862215	1867909	2022741	2017029	0.0	4545
AL450380.1	FR878060.1	80.672	5893	1061	63	1959885	1965748	2477350	2483193	0.0	4501
AL450380.1	FR878060.1	79.325	5954	1107	74	266057	271975	4063041	4057177	0.0	4061
AL450380.1	FR878060.1	77.902	6521	1319	88	1502246	1508692	1796053	1802525	0.0	3947
AL450380.1	FR878060.1	82.344	4582	772	29	480610	485172	3815106	3810543	0.0	3945
AL450380.1	FR878060.1	79.413	5523	1026	87	2880041	2885521	617625	612172	0.0	3797
AL450380.1	FR878060.1	86.088	3436	460	14	1260024	1263447	1388090	1391519	0.0	3681
AL450380.1	FR878060.1	78.860	5563	1059	80	1767602	1773114	2732932	2738427	0.0	3650
AL450380.1	FR878060.1	85.727	3398	463	13	2569164	2572543	954585	951192	0.0	3568
AL450380.1	FR878060.1	81.292	4474	766	44	2064072	2068516	3366012	3370443	0.0	3559
AL450380.1	FR878060.1	82.407	4047	624	60	2093472	2097461	3390179	3394194	0.0	3448
AL450380.1	FR878060.1	77.504	5921	1179	97	1490879	1496727	2770437	2764598	0.0	3413
AL450380.1	FR878060.1	79.745	4784	897	46	720590	725327	1652449	1657206	0.0	3400
AL450380.1	FR878060.1	80.718	4429	768	59	2894834	2899216	601277	596889	0.0	3369
AL450380.1	FR878060.1	82.342	3902	646	29	678806	682691	1597262	1601136	0.0	3349
AL450380.1	FR878060.1	85.500	3207	452	12	921040	924240	3601749	3598550	0.0	3334
AL450380.1	FR878060.1	81.730	4034	686	38	1422548	1426548	1750865	1754880	0.0	3319
AL450380.1	FR878060.1	79.493	4657	844	70	384309	388931	496379	491800	0.0	3206
AL450380.1	FR878060.1	79.444	4602	884	47	3204935	3209499	130400	125824	0.0	3201
AL450380.1	FR878060.1	80.816	4071	731	40	1692183	1696223	1866602	1870652	0.0	3145
AL450380.1	FR878060.1	81.454	3796	692	11	1318301	1322090	1451146	1454935	0.0	3099
AL450380.1	FR878060.1	79.281	4532	851	68	301208	305702	4027284	4022804	0.0	3086
AL450380.1	FR878060.1	80.196	4181	760	53	2472768	2476916	2068202	2064058	0.0	3072
AL450380.1	FR878060.1	80.816	3946	719	32	126670	130593	4238634	4234705	0.0	3059
AL450380.1	FR878060.1	82.039	3619	589	39	657332	660932	1567743	1571318	0.0	3025
AL450380.1	FR878060.1	83.404	3290	502	34	2257091	2260372	781977	778724	0.0	3011
AL450380.1	FR878060.1	76.947	5444	1144	81	670034	675422	1586404	1591791	0.0	2998
AL450380.1	FR878060.1	79.347	4411	787	78	1019677	1024050	2474980	2470657	0.0	2985
AL450380.1	FR878060.1	81.826	3593	605	33	1556881	1560467	2375281	2371731	0.0	2974
AL450380.1	FR878060.1	87.194	2577	327	3	305974	308549	4022551	4019977	0.0	2928
AL450380.1	FR878060.1	80.504	3852	717	22	649623	653466	1560374	1564199	0.0	2922
AL450380.1	FR878060.1	83.275	3145	516	9	486306	489443	3803680	3800539	0.0	2885
AL450380.1	FR878060.1	78.089	4719	906	81	891911	896575	3630058	3625414	0.0	2868
AL450380.1	FR878060.1	83.312	3134	478	39	2083348	2086469	3380873	3383973	0.0	2848
AL450380.1	FR878060.1	81.231	3591	599	45	328050	331602	1135344	1138897	0.0	2828
AL450380.1	FR878060.1	85.425	2717	390	6	1996150	1998864	2507433	2510145	0.0	2819
AL450380.1	FR878060.1	78.741	4370	807	77	2024662	2028953	3318038	3322363	0.0	2811
AL450380.1	FR878060.1	79.439	4032	776	37	21105	25108	17682	21688	0.0	2804
AL450380.1	FR878060.1	81.423	3499	587	44	2750464	2753948	4126150	4129599	0.0	2802
AL450380.1	FR878060.1	84.178	2901	435	18	1668308	1671193	1840365	1843256	0.0	2793
AL450380.1	FR878060.1	77.785	4659	937	68	1055271	1059895	2435974	2431380	0.0	2780
AL450380.1	FR878060.1	81.397	3435	602	31	736633	740055	2698077	2694668	0.0	2769
AL450380.1	FR878060.1	78.453	4293	850	51	1248424	1252698	1376360	1380595	0.0	2734
AL450380.1	FR878060.1	78.290	4385	846	64	2813395	2817725	3232216	3227884	0.0	2726
AL450380.1	FR878060.1	78.423	4287	845	58	1445954	1450208	1790546	1794784	0.0	2719
AL450380.1	FR878060.1	77.081	4817	1005	70	1606100	1610871	1899928	1904690	0.0	2687
AL450380.1	FR878060.1	80.546	3516	626	37	2195047	2198536	1669758	1666275	0.0	2651
AL450380.1	FR878060.1	80.746	3511	564	70	2028885	2032371	3322319	3325741	0.0	2636
AL450380.1	FR878060.1	78.601	4089	769	76	866896	870919	3649400	3645353	0.0	2606
AL450380.1	FR878060.1	83.410	2827	448	11	1989140	1991961	2500410	2503220	0.0	2603
AL450380.1	FR878060.1	83.791	2733	398	23	1993404	1996128	2504658	2507353	0.0	2551
AL450380.1	FR878060.1	75.793	5325	1129	109	2282269	2287523	739371	734137	0.0	2545
AL450380.1	FR878060.1	81.039	3254	544	41	1335152	1338359	1467861	1471087	0.0	2523
AL450380.1	FR878060.1	77.783	4168	872	36	3065588	3069737	281596	277465	0.0	2518
AL450380.1	FR878060.1	84.562	2578	357	26	833874	836423	3688102	3685538	0.0	2518
AL450380.1	FR878060.1	80.349	3379	606	38	1782209	1785557	2750694	2754044	0.0	2508
AL450380.1	FR878060.1	78.697	3854	729	72	3150508	3154325	185754	181957	0.0	2484
AL450380.1	FR878060.1	85.338	2394	334	13	595576	597956	2897669	2895280	0.0	2460
AL450380.1	FR878060.1	82.574	2789	457	20	1579751	1582522	2347383	2344607	0.0	2431
AL450380.1	FR878060.1	78.285	3919	747	64	2900986	2904859	591966	588107	0.0	2427
AL450380.1	FR878060.1	82.697	2751	454	16	1043191	1045927	2449282	2446540	0.0	2423
AL450380.1	FR878060.1	80.097	3316	612	35	850393	853693	3671404	3668122	0.0	2423
AL450380.1	FR878060.1	82.518	2740	460	16	777157	779885	3543717	3540986	0.0	2388
AL450380.1	FR878060.1	77.561	4198	782	109	1583578	1587731	2343645	2339564	0.0	2386
AL450380.1	FR878060.1	78.883	3599	690	49	1629703	1633256	1930447	1934020	0.0	2372
AL450380.1	FR878060.1	80.223	3226	577	43	1687628	1690838	1862222	1865401	0.0	2366
AL450380.1	FR878060.1	82.821	2637	442	9	2963219	2965851	456191	458820	0.0	2350
AL450380.1	FR878060.1	81.418	2906	511	26	634601	637495	2844610	2841723	0.0	2348
AL450380.1	FR878060.1	77.193	4196	835	78	1081877	1086002	2404141	2399998	0.0	2335
AL450380.1	FR878060.1	77.452	4027	824	57	1851741	1855726	2037831	2033848	0.0	2329
AL450380.1	FR878060.1	78.338	3707	719	58	1438578	1442253	1781159	1784812	0.0	2320
AL450380.1	FR878060.1	82.845	2629	410	26	1879726	1882354	3122645	3125232	0.0	2318
AL450380.1	FR878060.1	80.655	3055	535	26	756773	759806	2643121	2640102	0.0	2316
AL450380.1	FR878060.1	81.082	2939	518	24	2052000	2054919	3347764	3350683	0.0	2313
AL450380.1	FR878060.1	80.392	3060	572	21	694879	697930	1616600	1619639	0.0	2302
AL450380.1	FR878060.1	79.036	3463	646	53	1087273	1090687	2398901	2395471	0.0	2300
AL450380.1	FR878060.1	78.337	3619	738	37	1680982	1684580	1855298	1858890	0.0	2298
AL450380.1	FR878060.1	82.399	2693	413	43	130762	133422	4234584	4231921	0.0	2290
AL450380.1	FR878060.1	76.152	4579	956	100	1432240	1436760	1775019	1779519	0.0	2281
AL450380.1	FR878060.1	83.695	2441	373	19	2332605	2335026	1225989	1223555	0.0	2279
AL450380.1	FR878060.1	85.741	2111	294	6	293584	295693	4034815	4032711	0.0	2224
AL450380.1	FR878060.1	79.376	3239	588	54	622155	625365	2863930	2860744	0.0	2207
AL450380.1	FR878060.1	87.147	1945	238	10	124589	126530	4240610	4238675	0.0	2196
AL450380.1	FR878060.1	84.982	2164	323	2	1661599	1663761	1833548	1835710	0.0	2194
AL450380.1	FR878060.1	82.646	2547	372	32	1013562	1016063	3069470	3066949	0.0	2191
AL450380.1	FR878060.1	80.281	2921	527	35	645416	648321	1556358	1559244	0.0	2158
AL450380.1	FR878060.1	77.501	3658	775	40	1954851	1958481	3212602	3216238	0.0	2152
AL450380.1	FR878060.1	81.187	2679	475	19	2219427	2222090	824832	822168	0.0	2128
AL450380.1	FR878060.1	83.615	2307	335	28	2241936	2244235	799824	797554	0.0	2126
AL450380.1	FR878060.1	81.660	2579	446	13	796051	798625	3489087	3486532	0.0	2117
AL450380.1	FR878060.1	81.541	2595	450	24	323458	326044	1131892	1134465	0.0	2111
AL450380.1	FR878060.1	80.952	2688	482	17	1822935	1825605	3041087	3043761	0.0	2100
AL450380.1	FR878060.1	80.723	2739	490	25	1652684	1655407	1830035	1832750	0.0	2098
AL450380.1	FR878060.1	84.885	2084	302	10	2524131	2526211	1002929	1000856	0.0	2091
AL450380.1	FR878060.1	80.028	2859	536	31	2790911	2793754	3254634	3251796	0.0	2084
AL450380.1	FR878060.1	78.609	3235	628	47	2698909	2702116	648393	651590	0.0	2082
AL450380.1	FR878060.1	76.698	3888	800	73	282427	286279	4042829	4039013	0.0	2063
AL450380.1	FR878060.1	81.120	2590	475	11	1797623	1800205	1304223	1301641	0.0	2061
AL450380.1	FR878060.1	82.091	2429	420	10	2732172	2734591	4098012	4100434	0.0	2061
AL450380.1	FR878060.1	78.891	3084	602	35	36177	39235	43450	46509	0.0	2043
AL450380.1	FR878060.1	76.708	3834	796	67	1617823	1621624	1910005	1913773	0.0	2043
AL450380.1	FR878060.1	79.865	2816	538	25	2463429	2466237	2078010	2075217	0.0	2032
AL450380.1	FR878060.1	80.615	2698	456	48	2228981	2231655	813016	810363	0.0	2023
AL450380.1	FR878060.1	81.043	2569	433	36	377391	379938	507057	504522	0.0	1997
AL450380.1	FR878060.1	85.692	1894	262	8	1568186	1570074	2365587	2363698	0.0	1988
AL450380.1	FR878060.1	80.339	2655	494	22	1648266	1650915	1829872	1827241	0.0	1986
AL450380.1	FR878060.1	79.549	2841	533	39	117903	120728	4247341	4244534	0.0	1984
AL450380.1	FR878060.1	82.423	2270	393	6	2626951	2629217	894141	891875	0.0	1977
AL450380.1	FR878060.1	77.565	3392	682	59	17544	20901	14157	17503	0.0	1975
AL450380.1	FR878060.1	79.479	2841	538	35	1595445	1598268	2967067	2964255	0.0	1975
AL450380.1	FR878060.1	80.112	2685	485	34	2467353	2470010	2073775	2071113	0.0	1954
AL450380.1	FR878060.1	79.868	2727	505	31	153685	156396	4206797	4204100	0.0	1954
AL450380.1	FR878060.1	80.924	2532	419	41	149361	151875	4215481	4212997	0.0	1941
AL450380.1	FR878060.1	77.144	3509	693	58	3258285	3261776	4379554	4382970	0.0	1936
AL450380.1	FR878060.1	75.288	4342	921	99	1355252	1359535	1494789	1499036	0.0	1934
AL450380.1	FR878060.1	87.507	1673	204	5	405419	407089	525247	526916	0.0	1927
AL450380.1	FR878060.1	78.648	2988	577	44	2721992	2724944	4087268	4090229	0.0	1927
AL450380.1	FR878060.1	80.038	2650	475	41	2090606	2093230	3387338	3389958	0.0	1914
AL450380.1	FR878060.1	78.266	3138	568	61	874664	877757	3641707	3638640	0.0	1912
AL450380.1	FR878060.1	82.181	2256	364	27	1779773	1782003	2746366	2748608	0.0	1905
AL450380.1	FR878060.1	81.619	2323	398	27	3210654	3212962	72366	74673	0.0	1897
AL450380.1	FR878060.1	77.091	3431	694	64	217158	220545	1057011	1060392	0.0	1897
AL450380.1	FR878060.1	79.392	2761	516	44	1127692	1130438	1256371	1259092	0.0	1897
AL450380.1	FR878060.1	79.196	2836	503	57	1228779	1231550	1350010	1352822	0.0	1888
AL450380.1	FR878060.1	77.799	3144	630	51	760085	763200	2638032	2634929	0.0	1877
AL450380.1	FR878060.1	78.155	2948	612	25	1482866	1485791	2779242	2776305	0.0	1847
AL450380.1	FR878060.1	74.601	4449	1011	97	3096293	3100688	200757	205139	0.0	1845
AL450380.1	FR878060.1	85.066	1808	268	2	2971663	2973469	418348	416542	0.0	1842
AL450380.1	FR878060.1	81.741	2240	375	21	2177913	2180132	1689874	1687649	0.0	1840
AL450380.1	FR878060.1	80.700	2399	434	23	312281	314669	1121863	1124242	0.0	1838
AL450380.1	FR878060.1	80.964	2385	392	41	1183481	1185836	3000827	2998476	0.0	1832
AL450380.1	FR878060.1	79.749	2548	499	15	1761570	1764109	2725305	2727843	0.0	1831
AL450380.1	FR878060.1	82.434	2095	358	9	240531	242620	1093201	1095290	0.0	1821
AL450380.1	FR878060.1	77.881	3020	606	46	3129374	3132366	241661	244645	0.0	1820
AL450380.1	FR878060.1	80.997	2326	408	25	2369803	2372105	2162159	2159845	0.0	1816
AL450380.1	FR878060.1	77.847	3047	596	59	551271	554268	2924316	2927332	0.0	1814
AL450380.1	FR878060.1	80.178	2477	441	33	872006	874471	3644235	3641798	0.0	1808
AL450380.1	FR878060.1	78.955	2699	523	28	1328493	1331154	1461262	1463952	0.0	1796
AL450380.1	FR878060.1	79.160	2644	506	33	900144	902780	3623669	3621064	0.0	1788
AL450380.1	FR878060.1	83.480	1931	303	9	3055145	3057062	290504	288577	0.0	1784
AL450380.1	FR878060.1	79.146	2623	510	23	631372	633981	2847653	2845055	0.0	1779
AL450380.1	FR878060.1	78.861	2739	496	59	1079000	1081698	2406978	2404283	0.0	1773
AL450380.1	FR878060.1	82.681	2044	294	33	2293048	2295078	730266	728270	0.0	1759
AL450380.1	FR878060.1	76.897	3242	660	64	2535352	2538531	982322	979108	0.0	1755
AL450380.1	FR878060.1	82.072	2075	338	17	473127	475173	3820873	3818805	0.0	1740
AL450380.1	FR878060.1	81.373	2142	377	11	888796	890917	3633201	3631062	0.0	1725
AL450380.1	FR878060.1	83.046	1911	296	16	462957	464855	3842865	3840971	0.0	1709
AL450380.1	FR878060.1	80.342	2279	418	24	2059832	2062100	3361768	3364026	0.0	1700
AL450380.1	FR878060.1	77.853	2822	560	51	1745795	1748599	2704221	2706994	0.0	1688
AL450380.1	FR878060.1	79.700	2399	437	28	904662	907051	3619260	3616903	0.0	1687
AL450380.1	FR878060.1	81.646	2054	355	20	2620676	2622717	899706	897663	0.0	1685
AL450380.1	FR878060.1	80.833	2160	399	7	2729177	2731336	4094702	4096846	0.0	1681
AL450380.1	FR878060.1	78.074	2773	525	61	2198712	2201451	1666153	1663431	0.0	1676
AL450380.1	FR878060.1	77.709	2889	536	76	1886295	1889131	3130951	3133783	0.0	1668
AL450380.1	FR878060.1	84.002	1744	271	7	2044356	2046095	3340090	3341829	0.0	1668
AL450380.1	FR878060.1	80.035	2289	411	32	2336689	2338938	1222643	1220362	0.0	1653
AL450380.1	FR878060.1	83.886	1750	264	15	1489114	1490850	2772255	2770511	0.0	1653
AL450380.1	FR878060.1	77.189	2867	629	20	1006018	1008870	2586439	2583584	0.0	1648
AL450380.1	FR878060.1	80.512	2186	390	24	581225	583404	2912819	2910664	0.0	1644
AL450380.1	FR878060.1	81.195	2058	373	13	2055790	2057840	3351521	3353571	0.0	1644
AL450380.1	FR878060.1	77.154	2994	579	70	2191853	2194819	1672764	1669849	0.0	1642
AL450380.1	FR878060.1	86.613	1494	187	7	2344282	2345766	3862985	3864474	0.0	1639
AL450380.1	FR878060.1	78.537	2516	520	17	2624343	2626846	897366	894859	0.0	1637
AL450380.1	FR878060.1	78.802	2538	455	46	2183220	2185741	1682114	1679644	0.0	1629
AL450380.1	FR878060.1	78.659	2535	482	39	1871052	1873573	3078951	3081439	0.0	1629
AL450380.1	FR878060.1	74.837	3839	849	91	2014833	2018632	3306474	3310234	0.0	1629
AL450380.1	FR878060.1	83.065	1801	295	4	606828	608618	2885248	2883448	0.0	1628
AL450380.1	FR878060.1	79.729	2284	434	27	1368584	1370853	1509091	1511359	0.0	1626
AL450380.1	FR878060.1	76.618	3028	660	36	3249903	3252894	4371199	4374214	0.0	1626
AL450380.1	FR878060.1	80.654	2109	395	12	805893	807994	3450391	3448289	0.0	1622
AL450380.1	FR878060.1	82.372	1889	307	22	1201198	1203073	2976555	2974680	0.0	1620
AL450380.1	FR878060.1	78.512	2527	502	32	136582	139088	4227353	4224848	0.0	1620
AL450380.1	FR878060.1	84.091	1672	264	2	2559315	2560985	956329	954659	0.0	1613
AL450380.1	FR878060.1	79.465	2279	457	8	676267	678543	1593614	1595883	0.0	1605
AL450380.1	FR878060.1	78.129	2565	530	23	3090748	3093300	195192	197737	0.0	1600
AL450380.1	FR878060.1	84.465	1635	239	9	2231735	2233363	810202	808577	0.0	1598
AL450380.1	FR878060.1	81.101	2016	356	21	361298	363308	431567	433562	0.0	1589
AL450380.1	FR878060.1	84.420	1611	237	10	1094206	1095814	2475436	2477034	0.0	1572
AL450380.1	FR878060.1	85.753	1474	204	4	913631	915101	3610167	3608697	0.0	1554
AL450380.1	FR878060.1	82.102	1855	297	27	2754521	2756357	4129732	4131569	0.0	1554
AL450380.1	FR878060.1	76.650	2878	629	33	296127	298993	4032368	4029523	0.0	1552
AL450380.1	FR878060.1	76.068	3138	654	64	843181	846280	3677659	3674581	0.0	1544
AL450380.1	FR878060.1	77.100	2786	565	55	465201	467962	3839169	3836433	0.0	1543
AL450380.1	FR878060.1	84.343	1584	237	6	1573902	1575474	2361732	2360149	0.0	1541
AL450380.1	FR878060.1	79.914	2091	414	6	8966	11053	7688	9775	0.0	1530
AL450380.1	FR878060.1	78.212	2506	465	64	1147168	1149634	3036352	3033889	0.0	1528
AL450380.1	FR878060.1	77.617	2627	513	57	2185766	2188367	1679653	1677077	0.0	1524
AL450380.1	FR878060.1	78.529	2352	480	20	3123491	3125834	235626	237960	0.0	1522
AL450380.1	FR878060.1	80.565	2017	356	21	2757683	2759677	4133149	4135151	0.0	1520
AL450380.1	FR878060.1	84.017	1608	221	19	2238692	2240298	803181	801609	0.0	1513
AL450380.1	FR878060.1	84.930	1493	223	2	1145633	1147124	3037928	3036437	0.0	1509
AL450380.1	FR878060.1	81.938	1816	296	24	3240712	3242519	51859	50068	0.0	1507
AL450380.1	FR878060.1	81.991	1788	310	10	3135264	3137045	248426	250207	0.0	1507
AL450380.1	FR878060.1	76.909	2776	567	56	821224	823978	3709142	3706420	0.0	1507
AL450380.1	FR878060.1	83.510	1607	265	0	916684	918290	3607149	3605543	0.0	1500
AL450380.1	FR878060.1	78.296	2442	447	49	1164305	1166728	3016382	3014006	0.0	1496
AL450380.1	FR878060.1	77.671	2508	519	26	2157660	2160149	2517315	2519799	0.0	1491
AL450380.1	FR878060.1	78.340	2373	465	33	214251	216609	1054596	1056933	0.0	1489
AL450380.1	FR878060.1	76.481	2853	602	55	1064324	1067130	2425852	2423023	0.0	1487
AL450380.1	FR878060.1	87.578	1288	149	9	2255787	2257066	783403	782119	0.0	1482
AL450380.1	FR878060.1	83.130	1636	256	13	1765392	1767011	2730653	2732284	0.0	1474
AL450380.1	FR878060.1	83.436	1618	233	16	2240346	2241931	801506	799892	0.0	1471
AL450380.1	FR878060.1	82.139	1730	294	11	714231	715958	1646161	1647877	0.0	1469
AL450380.1	FR878060.1	77.382	2529	534	36	2602581	2605090	911250	908741	0.0	1467
AL450380.1	FR878060.1	81.100	1836	345	2	1074025	1075859	2416222	2414388	0.0	1467
AL450380.1	FR878060.1	80.745	1906	339	18	115359	117248	4249830	4247937	0.0	1461
AL450380.1	FR878060.1	79.211	2155	401	34	2908897	2911029	584196	582067	0.0	1454
AL450380.1	FR878060.1	81.488	1788	314	10	1575477	1577254	2360103	2358323	0.0	1452
AL450380.1	FR878060.1	76.795	2702	558	53	1912789	1915470	3167562	3170214	0.0	1452
AL450380.1	FR878060.1	83.396	1608	222	28	2345835	2347431	3864613	3866186	0.0	1448
AL450380.1	FR878060.1	79.811	2006	389	14	314922	316919	1124420	1126417	0.0	1447
AL450380.1	FR878060.1	82.266	1686	287	9	1316547	1318226	1449467	1451146	0.0	1447
AL450380.1	FR878060.1	76.738	2661	572	29	189340	191969	3266209	3263565	0.0	1441
AL450380.1	FR878060.1	75.625	3040	653	54	1974014	1977033	2489630	2492601	0.0	1428
AL450380.1	FR878060.1	76.612	2698	564	49	2517774	2520442	1006294	1003635	0.0	1424
AL450380.1	FR878060.1	76.359	2796	577	66	952103	954859	3578070	3575320	0.0	1424
AL450380.1	FR878060.1	77.090	2584	517	52	177280	179830	3281173	3278632	0.0	1423
AL450380.1	FR878060.1	79.041	2147	392	33	1675739	1677865	1848909	1851017	0.0	1419
AL450380.1	FR878060.1	82.622	1617	265	8	491021	492635	3797403	3795801	0.0	1415
AL450380.1	FR878060.1	78.330	2192	449	22	2106677	2108858	3402257	3404432	0.0	1393
AL450380.1	FR878060.1	78.009	2260	462	25	817139	819387	3713234	3710999	0.0	1387
AL450380.1	FR878060.1	80.971	1771	310	24	2863213	2864965	1203142	1201381	0.0	1378
AL450380.1	FR878060.1	77.582	2382	466	41	158041	160402	4202462	4200129	0.0	1378
AL450380.1	FR878060.1	76.039	2863	567	75	1076137	1078986	2409781	2407025	0.0	1376
AL450380.1	FR878060.1	81.196	1723	307	15	918425	920140	3605405	3603693	0.0	1371
AL450380.1	FR878060.1	79.040	2042	386	24	2544124	2546151	972186	970173	0.0	1362
AL450380.1	FR878060.1	82.353	1581	266	11	1965985	1967559	2483444	2485017	0.0	1362
AL450380.1	FR878060.1	77.228	2345	514	19	1726392	1728731	2293676	2296005	0.0	1354
AL450380.1	FR878060.1	80.667	1769	321	16	192013	193769	3263493	3261734	0.0	1352
AL450380.1	FR878060.1	83.611	1440	234	2	1519721	1521159	1812708	1814146	0.0	1351
AL450380.1	FR878060.1	81.329	1671	302	8	211160	212827	1051391	1053054	0.0	1349
AL450380.1	FR878060.1	79.377	1959	365	23	1945488	1947440	2558539	2556614	0.0	1343
AL450380.1	FR878060.1	78.517	2104	411	28	769145	771238	3551729	3549657	0.0	1343
AL450380.1	FR878060.1	76.870	2447	520	40	3093542	3095965	198018	200441	0.0	1341
AL450380.1	FR878060.1	82.022	1602	262	12	2969311	2970897	420760	419170	0.0	1339
AL450380.1	FR878060.1	77.626	2266	461	36	257225	259460	1114966	1117215	0.0	1334
AL450380.1	FR878060.1	78.982	1965	402	8	2373616	2375575	100941	102899	0.0	1330
AL450380.1	FR878060.1	78.012	2133	450	11	528604	530729	2812289	2810169	0.0	1323
AL450380.1	FR878060.1	83.822	1397	218	7	2982752	2984145	400012	398621	0.0	1321
AL450380.1	FR878060.1	77.863	2227	420	47	960433	962623	3569606	3567417	0.0	1314
AL450380.1	FR878060.1	80.434	1753	316	14	1427794	1429525	1768751	1770497	0.0	1312
AL450380.1	FR878060.1	82.832	1462	245	4	2452172	2453630	2094520	2093062	0.0	1304
AL450380.1	FR878060.1	75.618	2752	602	57	1726004	1728727	2287204	2289914	0.0	1301
AL450380.1	FR878060.1	81.093	1629	300	7	1410867	1412491	1740214	1741838	0.0	1295
AL450380.1	FR878060.1	78.958	1920	383	14	1294673	1296584	1429237	1431143	0.0	1288
AL450380.1	FR878060.1	80.822	1679	291	25	113631	115292	4251509	4249845	0.0	1288
AL450380.1	FR878060.1	81.174	1636	273	28	3033678	3035295	320642	319024	0.0	1282
AL450380.1	FR878060.1	81.718	1537	278	3	2741815	2743349	4114315	4115850	0.0	1279
AL450380.1	FR878060.1	78.964	1911	374	22	2762495	2764395	4138055	4139947	0.0	1277
AL450380.1	FR878060.1	83.075	1418	218	15	1061569	1062975	2429720	2428314	0.0	1269
AL450380.1	FR878060.1	76.471	2414	515	41	1551555	1553957	2380256	2377885	0.0	1262
AL450380.1	FR878060.1	84.688	1267	188	2	1323888	1325154	1456720	1457980	0.0	1260
AL450380.1	FR878060.1	82.893	1438	206	20	2291152	2292565	732302	730881	0.0	1256
AL450380.1	FR878060.1	79.739	1762	335	17	1024995	1026745	2469652	2467902	0.0	1256
AL450380.1	FR878060.1	79.167	1848	359	22	625680	627518	2860471	2858641	0.0	1256
AL450380.1	FR878060.1	80.905	1613	275	20	978644	980232	2629306	2627703	0.0	1242
AL450380.1	FR878060.1	77.421	2148	443	30	2000922	2003055	3218279	3220398	0.0	1242
AL450380.1	FR878060.1	80.205	1662	319	9	2143417	2145073	2575385	2577041	0.0	1238
AL450380.1	FR878060.1	79.545	1760	326	21	627723	629476	2851215	2849484	0.0	1225
AL450380.1	FR878060.1	79.033	1841	346	20	147454	149289	4217421	4215616	0.0	1225
AL450380.1	FR878060.1	84.144	1274	188	13	1992028	1993294	2503254	2504520	0.0	1221
AL450380.1	FR878060.1	78.748	1901	345	38	1935020	1936889	3189771	3191643	0.0	1218
AL450380.1	FR878060.1	77.123	2155	457	31	2946631	2948761	4179405	4177263	0.0	1216
AL450380.1	FR878060.1	78.515	1885	379	22	1053276	1055146	2437952	2436080	0.0	1214
AL450380.1	FR878060.1	77.424	2073	445	19	1759304	1761366	2722949	2725008	0.0	1214
AL450380.1	FR878060.1	87.716	1042	126	2	1189187	1190227	2995990	2994950	0.0	1214
AL450380.1	FR878060.1	79.270	1780	333	24	2079775	2081544	3377365	3379118	0.0	1210
AL450380.1	FR878060.1	82.225	1429	225	19	1193448	1194858	2991652	2990235	0.0	1205
AL450380.1	FR878060.1	80.556	1584	282	18	1027299	1028879	2467853	2466293	0.0	1195
AL450380.1	FR878060.1	77.345	2132	411	50	619744	621845	2867358	2865269	0.0	1195
AL450380.1	FR878060.1	79.108	1771	320	33	2764436	2766196	4139952	4141682	0.0	1175
AL450380.1	FR878060.1	79.640	1665	314	18	2677084	2678733	3892653	3894307	0.0	1173
AL450380.1	FR878060.1	81.487	1426	258	6	2448371	2449792	2102420	2100997	0.0	1166
AL450380.1	FR878060.1	79.901	1612	305	19	2348313	2349914	3867763	3869365	0.0	1164
AL450380.1	FR878060.1	81.799	1412	233	16	803507	804914	3452896	3451505	0.0	1162
AL450380.1	FR878060.1	74.081	3048	691	72	2383350	2386367	110093	113071	0.0	1160
AL450380.1	FR878060.1	78.303	1839	371	21	1545773	1547593	2386448	2384620	0.0	1160
AL450380.1	FR878060.1	85.976	1091	143	9	2277254	2278340	749990	748906	0.0	1158
AL450380.1	FR878060.1	82.579	1303	227	0	2531635	2532937	997103	995801	0.0	1149
AL450380.1	FR878060.1	80.497	1528	271	23	58	1564	1	1522	0.0	1146
AL450380.1	FR878060.1	82.877	1279	214	4	2340156	2341431	1219235	1217959	0.0	1144
AL450380.1	FR878060.1	81.123	1425	267	2	1554201	1555624	2379308	2377885	0.0	1140
AL450380.1	FR878060.1	80.261	1535	280	17	1803981	1805496	1295042	1293512	0.0	1134
AL450380.1	FR878060.1	78.322	1776	369	13	946533	948302	3073443	3071678	0.0	1133
AL450380.1	FR878060.1	79.235	1647	325	14	2305188	2306827	4015834	4017470	0.0	1131
AL450380.1	FR878060.1	81.471	1387	243	10	3072678	3074057	275760	274381	0.0	1125
AL450380.1	FR878060.1	76.988	2025	428	28	2920659	2922674	570391	568396	0.0	1123
AL450380.1	FR878060.1	79.609	1584	310	9	2647368	2648941	869001	867421	0.0	1123
AL450380.1	FR878060.1	81.596	1391	225	17	1325474	1326861	1458140	1459502	0.0	1122
AL450380.1	FR878060.1	80.722	1468	254	22	915128	916585	3608616	3607168	0.0	1116
AL450380.1	FR878060.1	84.802	1112	166	3	492725	493834	50068	51178	0.0	1114
AL450380.1	FR878060.1	81.832	1343	223	15	2160246	2161576	2520095	2521428	0.0	1109
AL450380.1	FR878060.1	83.624	1203	169	17	2280436	2281618	746629	745435	0.0	1105
AL450380.1	FR878060.1	79.338	1631	287	30	2905089	2906708	587991	586400	0.0	1099
AL450380.1	FR878060.1	81.375	1353	237	8	588091	589432	2905101	2903753	0.0	1088
AL450380.1	FR878060.1	81.366	1347	239	6	457980	459316	3847336	3845992	0.0	1086
AL450380.1	FR878060.1	83.277	1184	195	3	2766373	2767555	4141791	4142972	0.0	1086
AL450380.1	FR878060.1	78.584	1681	331	25	2683256	2684926	633191	634852	0.0	1083
AL450380.1	FR878060.1	79.227	1579	305	17	1191820	1193385	2993329	2991761	0.0	1077
AL450380.1	FR878060.1	75.842	2198	479	41	3107515	3109694	212406	214569	0.0	1070
AL450380.1	FR878060.1	83.538	1142	181	5	2048040	2049176	3343628	3344767	0.0	1061
AL450380.1	FR878060.1	75.934	2169	451	42	1364666	1366799	1505334	1507466	0.0	1048
AL450380.1	FR878060.1	76.742	1995	390	40	2075926	2077900	3374144	3376084	0.0	1046
AL450380.1	FR878060.1	79.182	1590	258	43	456323	457885	3848993	3847450	0.0	1035
AL450380.1	FR878060.1	79.701	1473	265	26	524677	526136	2822355	2820904	0.0	1033
AL450380.1	FR878060.1	78.047	1649	349	11	925644	927285	3594178	3592536	0.0	1027
AL450380.1	FR878060.1	75.810	2129	445	55	94280	96369	4293950	4291853	0.0	1014
AL450380.1	FR878060.1	81.386	1241	225	6	2918058	2919295	573330	572093	0.0	1007
AL450380.1	FR878060.1	80.618	1326	238	16	2612046	2613359	905388	904070	0.0	1007
AL450380.1	FR878060.1	81.995	1183	205	7	965942	967120	3564242	3563064	0.0	998
AL450380.1	FR878060.1	79.148	1525	253	49	902893	904378	3621027	3619529	0.0	994
AL450380.1	FR878060.1	78.405	1630	279	45	1090793	1092373	2395328	2393723	0.0	992
AL450380.1	FR878060.1	81.178	1222	228	1	2915326	2916547	577150	575931	0.0	981
AL450380.1	FR878060.1	77.928	1622	321	25	2734780	2736383	4100542	4102144	0.0	977
AL450380.1	FR878060.1	83.972	1017	163	0	2188468	2189484	1676011	1674995	0.0	976
AL450380.1	FR878060.1	80.184	1307	254	5	1406376	1407681	2826256	2824954	0.0	974
AL450380.1	FR878060.1	82.000	1150	197	8	175443	176589	3282890	3281748	0.0	968
AL450380.1	FR878060.1	80.499	1323	207	24	3232678	3233980	59918	58627	0.0	966
AL450380.1	FR878060.1	81.633	1176	207	7	1561938	1563113	2370210	2369044	0.0	966
AL450380.1	FR878060.1	81.595	1179	203	9	1243753	1244927	1370512	1371680	0.0	963
AL450380.1	FR878060.1	80.678	1268	220	14	735168	736433	2699478	2698234	0.0	961
AL450380.1	FR878060.1	85.449	914	133	0	2287605	2288518	734076	733163	0.0	952
AL450380.1	FR878060.1	81.590	1157	205	8	2612046	2613198	3462954	3464106	0.0	950
AL450380.1	FR878060.1	77.675	1617	319	24	1792963	1794565	1309175	1307587	0.0	948
AL450380.1	FR878060.1	80.500	1241	235	7	1906992	1908229	3158459	3159695	0.0	944
AL450380.1	FR878060.1	86.390	867	112	5	1923256	1924122	3177186	3178046	0.0	942
AL450380.1	FR878060.1	82.732	1054	179	3	3177744	3178796	156015	154964	0.0	935
AL450380.1	FR878060.1	80.601	1232	221	8	1840481	1841707	3057709	3058927	0.0	935
AL450380.1	FR878060.1	80.964	1182	220	5	590691	591872	2902591	2901415	0.0	931
AL450380.1	FR878060.1	76.417	1747	394	16	2460781	2462518	2083659	2081922	0.0	928
AL450380.1	FR878060.1	80.960	1187	206	12	1908266	1909448	3159765	3160935	0.0	922
AL450380.1	FR878060.1	80.376	1223	232	4	102099	103314	4286478	4285257	0.0	922
AL450380.1	FR878060.1	81.633	1127	185	13	648423	649538	1559254	1560369	0.0	915
AL450380.1	FR878060.1	77.792	1531	300	31	1987241	1988760	2498578	2500079	0.0	907
AL450380.1	FR878060.1	80.226	1239	214	18	1666941	1668171	1838880	1840095	0.0	902
AL450380.1	FR878060.1	79.665	1254	253	2	1016255	1017507	3066880	3065628	0.0	902
AL450380.1	FR878060.1	83.282	981	160	4	3126487	3127465	238797	239775	0.0	900
AL450380.1	FR878060.1	81.216	1118	207	3	2619416	2620532	900878	899763	0.0	898
AL450380.1	FR878060.1	76.904	1641	342	31	2861388	2863014	1204920	1203303	0.0	896
AL450380.1	FR878060.1	75.522	1965	408	57	1531700	1533625	1824553	1826483	0.0	896
AL450380.1	FR878060.1	82.755	1009	169	4	1254651	1255656	1381929	1382935	0.0	894
AL450380.1	FR878060.1	78.709	1348	271	13	3157393	3158732	173074	171735	0.0	885
AL450380.1	FR878060.1	82.216	1029	181	2	353007	354034	488530	487503	0.0	885
AL450380.1	FR878060.1	80.411	1169	223	6	1690904	1692069	1865412	1866577	0.0	885
AL450380.1	FR878060.1	81.400	1086	200	2	988446	989530	2608985	2607901	0.0	885
AL450380.1	FR878060.1	81.784	1054	188	4	837706	838757	3682698	3681647	0.0	880
AL450380.1	FR878060.1	78.470	1412	251	41	717903	719291	1649850	1651231	0.0	874
AL450380.1	FR878060.1	80.382	1152	213	10	25452	26598	22041	23184	0.0	863
AL450380.1	FR878060.1	84.354	882	136	2	550189	551069	2920604	2921484	0.0	863
AL450380.1	FR878060.1	77.450	1490	304	23	1815043	1816506	1283993	1282510	0.0	861
AL450380.1	FR878060.1	82.236	1002	172	3	682754	683752	1601163	1602161	0.0	859
AL450380.1	FR878060.1	81.599	1038	187	4	2087960	2088995	3385221	3386256	0.0	856
AL450380.1	FR878060.1	77.694	1457	286	31	1322127	1323576	1455125	1456549	0.0	854
AL450380.1	FR878060.1	83.424	917	144	7	2599148	2600060	914873	913961	0.0	845
AL450380.1	FR878060.1	75.618	1739	405	17	1467577	1469307	1324510	1326237	0.0	845
AL450380.1	FR878060.1	83.189	922	153	2	2636014	2636934	880839	879919	0.0	843
AL450380.1	FR878060.1	77.746	1411	288	21	1155782	1157188	3023022	3021634	0.0	843
AL450380.1	FR878060.1	77.747	1429	270	24	2818809	2820195	3232211	3230789	0.0	833
AL450380.1	FR878060.1	75.080	1886	419	38	1071530	1073388	2418753	2416892	0.0	832
AL450380.1	FR878060.1	86.234	770	100	2	2290309	2291078	733080	732317	0.0	830
AL450380.1	FR878060.1	79.947	1132	221	6	1846953	1848082	3063376	3064503	0.0	828
AL450380.1	FR878060.1	82.353	952	160	7	1012142	1013089	3071463	3070516	0.0	821
AL450380.1	FR878060.1	82.218	956	164	6	316988	317940	1126531	1127483	0.0	819
AL450380.1	FR878060.1	79.043	1212	239	13	468141	469344	3824880	3823676	0.0	817
AL450380.1	FR878060.1	79.682	1132	226	4	1052117	1053246	2439147	2438018	0.0	813
AL450380.1	FR878060.1	79.368	1202	208	25	1039676	1040845	2452838	2451645	0.0	809
AL450380.1	FR878060.1	80.241	1078	209	4	2322209	2323284	1236700	1235625	0.0	808
AL450380.1	FR878060.1	81.452	992	174	8	1190676	1191660	2994474	2993486	0.0	804
AL450380.1	FR878060.1	77.948	1306	272	14	167586	168886	3293717	3292423	0.0	802
AL450380.1	FR878060.1	77.373	1401	279	28	1047704	1049088	2444664	2443286	0.0	797
AL450380.1	FR878060.1	75.369	1827	358	55	1040882	1042654	2451647	2449859	0.0	797
AL450380.1	FR878060.1	77.956	1311	250	29	1953457	1954759	3211296	3212575	0.0	784
AL450380.1	FR878060.1	85.340	764	103	7	1915427	1916182	3170277	3171039	0.0	782
AL450380.1	FR878060.1	78.113	1261	254	15	309686	310929	1118677	1119932	0.0	780
AL450380.1	FR878060.1	74.944	1788	405	34	1978475	1980247	2495140	2496899	0.0	780
AL450380.1	FR878060.1	73.562	2243	499	70	1812089	1814283	1286881	1284685	0.0	771
AL450380.1	FR878060.1	81.681	928	168	2	1627968	1628894	1928735	1929661	0.0	771
AL450380.1	FR878060.1	84.304	790	123	1	576338	577127	2919020	2918232	0.0	771
AL450380.1	FR878060.1	83.153	831	138	2	716927	717756	1648936	1649765	0.0	758
AL450380.1	FR878060.1	81.991	894	159	2	1417759	1418651	1746482	1747374	0.0	758
AL450380.1	FR878060.1	82.319	871	151	1	2934083	2934953	556480	555613	0.0	752
AL450380.1	FR878060.1	76.669	1483	270	45	2617875	2619330	902390	900957	0.0	752
AL450380.1	FR878060.1	77.822	1249	254	22	1199246	1200484	2978461	2977226	0.0	750
AL450380.1	FR878060.1	84.375	768	109	10	2962437	2963198	455353	456115	0.0	743
AL450380.1	FR878060.1	80.348	977	192	0	2893797	2894773	602353	601377	0.0	741
AL450380.1	FR878060.1	81.839	881	158	2	967189	968068	3563038	3562159	0.0	739
AL450380.1	FR878060.1	76.262	1407	320	12	1272360	1273759	1400123	1401522	0.0	736
AL450380.1	FR878060.1	75.930	1533	314	29	1326952	1328446	1459650	1461165	0.0	736
AL450380.1	FR878060.1	79.600	1049	196	16	1543283	1544322	2389009	2387970	0.0	736
AL450380.1	FR878060.1	75.580	1552	346	26	2036633	2038166	3330872	3332408	0.0	736
AL450380.1	FR878060.1	85.922	689	97	0	2726900	2727588	4092408	4093096	0.0	736
AL450380.1	FR878060.1	78.815	1114	219	10	3080220	3081329	268991	267891	0.0	734
AL450380.1	FR878060.1	80.742	971	157	13	709907	710850	1638404	1639371	0.0	730
AL450380.1	FR878060.1	82.479	839	138	9	526168	527002	2814717	2813884	0.0	726
AL450380.1	FR878060.1	79.263	1085	188	22	3231430	3232507	61142	60088	0.0	723
AL450380.1	FR878060.1	80.201	995	166	16	592025	593014	2901311	2900343	0.0	717
AL450380.1	FR878060.1	84.362	729	114	0	2900127	2900855	593004	592276	0.0	715
AL450380.1	FR878060.1	82.512	812	141	1	152784	153594	4207651	4206840	0.0	712
AL450380.1	FR878060.1	76.511	1307	286	17	171604	172901	3293717	3292423	0.0	693
AL450380.1	FR878060.1	83.421	760	111	7	1152924	1153671	3028134	3027378	0.0	691
AL450380.1	FR878060.1	75.410	1464	338	14	2176403	2177854	1692024	1690571	0.0	689
AL450380.1	FR878060.1	78.532	1076	212	16	2418509	2419571	2135320	2134251	0.0	689
AL450380.1	FR878060.1	77.740	1177	222	21	109034	110178	4259133	4257965	0.0	686
AL450380.1	FR878060.1	79.016	996	201	8	100904	101895	4287696	4286705	0.0	675
AL450380.1	FR878060.1	74.385	1706	372	41	2922787	2924470	568260	566598	0.0	669
AL450380.1	FR878060.1	84.799	671	96	4	1046913	1047579	2445500	2444832	0.0	669
AL450380.1	FR878060.1	72.660	2147	536	41	2713420	2715551	4077217	4079327	0.0	665
AL450380.1	FR878060.1	85.426	645	78	9	1882777	1883407	3125607	3126249	0.0	656
AL450380.1	FR878060.1	76.807	1190	259	12	1544383	1545559	2387867	2386682	0.0	652
AL450380.1	FR878060.1	79.890	905	165	15	2932030	2932927	558462	557568	0.0	647
AL450380.1	FR878060.1	78.615	982	206	4	1304111	1305090	1439195	1440174	0.0	647
AL450380.1	FR878060.1	81.088	809	153	0	1045985	1046793	2446380	2445572	0.0	647
AL450380.1	FR878060.1	78.721	1001	185	9	279074	280071	4046362	4047337	0.0	643
AL450380.1	FR878060.1	81.210	777	145	1	2268186	2268962	767940	767165	8.44e-176	625
AL450380.1	FR878060.1	78.801	934	194	4	2020081	2021012	3311462	3312393	8.44e-176	625
AL450380.1	FR878060.1	76.565	1182	249	22	2406095	2407271	2149603	2148445	3.04e-175	623
AL450380.1	FR878060.1	81.723	766	118	14	2507001	2507764	1021523	1020778	3.93e-174	619
AL450380.1	FR878060.1	88.235	527	50	12	1602376	1602893	2957462	2956939	3.93e-174	619
AL450380.1	FR878060.1	78.274	1008	186	14	2023094	2024101	3316943	3317917	1.41e-173	617
AL450380.1	FR878060.1	83.333	678	97	10	1971539	1972216	2488074	2488735	6.57e-172	612
AL450380.1	FR878060.1	76.944	1093	240	11	964647	965732	3565417	3564330	6.57e-172	612
AL450380.1	FR878060.1	79.000	900	179	8	763488	764382	2634697	2633803	3.06e-170	606
AL450380.1	FR878060.1	79.930	862	143	20	1174812	1175671	3009260	3008427	3.06e-170	606
AL450380.1	FR878060.1	81.856	722	127	4	1238386	1239105	1362238	1362957	1.10e-169	604
AL450380.1	FR878060.1	73.561	1755	391	57	2608135	2609848	908716	906994	3.95e-169	603
AL450380.1	FR878060.1	90.487	452	37	4	808975	809425	3447405	3446959	8.56e-166	592
AL450380.1	FR878060.1	80.076	788	150	7	1259205	1259988	1386605	1387389	6.66e-162	579
AL450380.1	FR878060.1	82.753	661	102	10	1764248	1764899	2727947	2728604	6.66e-162	579
AL450380.1	FR878060.1	78.972	856	171	9	121272	122123	2135099	2134249	8.62e-161	575
AL450380.1	FR878060.1	88.211	492	42	12	2594579	2595059	920343	919857	3.10e-160	573
AL450380.1	FR878060.1	79.273	825	167	4	1279133	1279955	1406154	1406976	3.10e-160	573
AL450380.1	FR878060.1	80.874	732	135	5	1628924	1629653	1929727	1930455	1.12e-159	571
AL450380.1	FR878060.1	78.315	890	189	3	1924848	1925735	3181366	3182253	1.12e-159	571
AL450380.1	FR878060.1	80.728	742	130	11	188509	189243	3269784	3269049	5.19e-158	566
AL450380.1	FR878060.1	90.300	433	38	4	264671	265101	4064572	4064142	1.87e-157	564
AL450380.1	FR878060.1	77.648	944	191	15	2552018	2552956	964646	963718	3.12e-155	556
AL450380.1	FR878060.1	78.328	909	163	22	2133845	2134740	3410832	3411719	3.12e-155	556
AL450380.1	FR878060.1	77.874	922	178	17	2870651	2871570	1194436	1193539	5.22e-153	549
AL450380.1	FR878060.1	88.403	457	50	2	656779	657235	1567118	1567571	1.88e-152	547
AL450380.1	FR878060.1	77.913	901	181	12	32816	33704	41059	41953	6.76e-152	545
AL450380.1	FR878060.1	81.268	678	121	6	859933	860606	3657149	3656474	2.43e-151	544
AL450380.1	FR878060.1	80.481	707	138	0	2446520	2447226	2104184	2103478	8.74e-151	542
AL450380.1	FR878060.1	77.803	874	188	5	2877384	2878254	623317	622447	1.46e-148	534
AL450380.1	FR878060.1	76.365	1062	211	27	2541428	2542476	976266	975232	1.46e-148	534
AL450380.1	FR878060.1	80.618	712	117	16	1024133	1024828	2470535	2469829	1.89e-147	531
AL450380.1	FR878060.1	76.799	931	208	7	1464232	1465158	1322227	1323153	5.30e-143	516
AL450380.1	FR878060.1	74.233	1401	276	56	2236090	2237463	805089	803747	8.87e-141	508
AL450380.1	FR878060.1	82.245	597	98	7	2433029	2433621	2714351	2714943	8.87e-141	508
AL450380.1	FR878060.1	85.421	487	71	0	2429328	2429814	2125140	2124654	3.19e-140	507
AL450380.1	FR878060.1	84.646	508	78	0	299081	299588	4029372	4028865	3.19e-140	507
AL450380.1	FR878060.1	81.392	618	107	8	2302787	2303400	4011667	4012280	1.92e-137	497
AL450380.1	FR878060.1	80.848	637	114	6	2706835	2707468	654423	655054	2.48e-136	494
AL450380.1	FR878060.1	78.046	788	165	6	2539956	2540736	977651	976865	3.21e-135	490
AL450380.1	FR878060.1	85.000	480	72	0	3230518	3230997	61619	61140	1.16e-134	488
AL450380.1	FR878060.1	84.694	490	74	1	281556	282045	4043712	4043224	1.16e-134	488
AL450380.1	FR878060.1	81.395	602	104	5	675552	676149	1591849	1592446	1.49e-133	484
AL450380.1	FR878060.1	81.664	589	100	5	2948803	2949390	4177259	4176678	5.37e-133	483
AL450380.1	FR878060.1	81.150	626	92	16	326377	326998	1134700	1135303	6.95e-132	479
AL450380.1	FR878060.1	73.642	1381	305	36	1801472	1802831	1300363	1299021	6.95e-132	479
AL450380.1	FR878060.1	80.851	611	106	10	28128	28732	24915	25520	4.18e-129	470
AL450380.1	FR878060.1	73.906	1303	278	40	1270944	1272227	1398746	1400005	5.41e-128	466
AL450380.1	FR878060.1	83.172	517	76	5	1070943	1071457	2419276	2418769	7.00e-127	462
AL450380.1	FR878060.1	85.315	429	63	0	480115	480543	3815652	3815224	2.54e-121	444
AL450380.1	FR878060.1	75.490	918	213	12	252769	253680	1111178	1112089	1.18e-119	438
AL450380.1	FR878060.1	78.205	702	139	13	2933129	2933823	557628	558322	4.24e-119	436
AL450380.1	FR878060.1	79.148	657	118	17	1195002	1195656	2990039	2989400	4.24e-119	436
AL450380.1	FR878060.1	77.808	730	142	17	2769234	2769951	4144552	4145273	5.49e-118	433
AL450380.1	FR878060.1	80.351	570	108	4	320674	321242	1130413	1130979	7.10e-117	429
AL450380.1	FR878060.1	86.528	386	48	4	3234124	3234507	58538	58155	1.19e-114	422
AL450380.1	FR878060.1	72.963	1424	302	62	957373	958765	3572732	3571361	4.27e-114	420
AL450380.1	FR878060.1	79.248	612	113	11	2513970	2514579	1011647	1011048	1.99e-112	414
AL450380.1	FR878060.1	75.461	868	199	12	230918	231782	1082853	1081997	2.57e-111	411
AL450380.1	FR878060.1	84.186	430	61	5	590062	590485	2903233	2902805	2.57e-111	411
AL450380.1	FR878060.1	79.928	558	110	2	319966	320522	1129729	1130285	9.25e-111	409
AL450380.1	FR878060.1	77.732	723	124	23	1732977	1733684	2300266	2300966	9.25e-111	409
AL450380.1	FR878060.1	80.292	548	98	7	1740916	1741458	2319767	2320309	1.20e-109	405
AL450380.1	FR878060.1	76.772	762	148	19	1372503	1373240	1512827	1513583	5.57e-108	399
AL450380.1	FR878060.1	80.524	534	92	10	420491	421020	2195125	2195650	5.57e-108	399
AL450380.1	FR878060.1	81.301	492	80	11	475810	476297	3818696	3818213	1.21e-104	388
AL450380.1	FR878060.1	77.934	639	120	13	504807	505443	4036469	4035850	7.25e-102	379
AL450380.1	FR878060.1	76.761	710	140	18	382893	383594	497727	497035	3.38e-100	374
AL450380.1	FR878060.1	78.709	573	111	10	250809	251378	1109399	1109963	1.21e-99	372
AL450380.1	FR878060.1	74.693	897	198	26	522227	523115	3758757	3757882	1.21e-99	372
AL450380.1	FR878060.1	82.028	434	74	4	836438	836869	3685415	3684984	5.65e-98	366
AL450380.1	FR878060.1	77.597	616	128	7	2129655	2130262	76323	76936	2.03e-97	364
AL450380.1	FR878060.1	76.807	664	138	13	157307	157962	4203159	4202504	9.45e-96	359
AL450380.1	FR878060.1	83.777	376	57	4	1013149	1013524	3070410	3070039	4.40e-94	353
AL450380.1	FR878060.1	81.406	441	71	9	213173	213608	1054001	1054435	5.69e-93	350
AL450380.1	FR878060.1	82.025	395	69	2	977789	978183	2630066	2629674	1.59e-88	335
AL450380.1	FR878060.1	73.729	944	211	26	276733	277650	4043809	4044741	1.59e-88	335
AL450380.1	FR878060.1	82.474	388	60	4	836950	837333	3684978	3684595	5.73e-88	333
AL450380.1	FR878060.1	73.176	1014	235	31	2821746	2822742	3279281	3280274	2.06e-87	331
AL450380.1	FR878060.1	76.361	643	135	17	2503364	2503998	661683	661050	7.41e-87	329
AL450380.1	FR878060.1	76.630	629	125	18	2999595	3000218	379839	379228	2.67e-86	327
AL450380.1	FR878060.1	76.694	605	128	10	2842630	2843228	596752	596155	3.45e-85	324
AL450380.1	FR878060.1	76.694	605	128	10	2849032	2849630	596155	596752	3.45e-85	324
AL450380.1	FR878060.1	74.324	814	182	21	2378462	2379262	105379	106178	4.46e-84	320
AL450380.1	FR878060.1	82.597	362	61	2	1437146	1437506	1779892	1780252	1.60e-83	318
AL450380.1	FR878060.1	72.881	1003	233	26	1119383	1120364	1244554	1245538	9.65e-81	309
AL450380.1	FR878060.1	85.978	271	36	2	951790	952059	3578350	3578081	1.26e-74	289
AL450380.1	FR878060.1	86.957	253	33	0	2865040	2865292	1201355	1201103	1.63e-73	285
AL450380.1	FR878060.1	73.978	734	176	8	1582641	1583369	2344512	2343789	5.85e-73	283
AL450380.1	FR878060.1	83.082	331	33	13	164901	165223	4194728	4194413	7.57e-72	279
AL450380.1	FR878060.1	87.500	240	30	0	1803639	1803878	1295417	1295178	2.72e-71	278
AL450380.1	FR878060.1	82.353	323	53	4	1189573	1189893	2999615	2999295	2.72e-71	278
AL450380.1	FR878060.1	73.310	858	184	34	740742	741574	2693595	2692758	3.52e-70	274
AL450380.1	FR878060.1	79.302	401	67	14	2659371	2659764	848445	848054	5.89e-68	267
AL450380.1	FR878060.1	75.671	559	119	13	209891	210445	1050178	1050723	7.62e-67	263
AL450380.1	FR878060.1	94.083	169	10	0	1263602	1263770	1391647	1391815	3.55e-65	257
AL450380.1	FR878060.1	85.417	240	35	0	699949	700188	1621139	1621378	5.93e-63	250
AL450380.1	FR878060.1	71.080	1269	302	60	183329	184563	1879421	1878184	5.93e-63	250
AL450380.1	FR878060.1	87.558	217	25	2	2018886	2019101	3310478	3310693	5.93e-63	250
AL450380.1	FR878060.1	73.352	728	169	18	2986700	2987410	387305	386586	7.68e-62	246
AL450380.1	FR878060.1	83.846	260	33	7	2401035	2401291	2155224	2154971	1.28e-59	239
AL450380.1	FR878060.1	72.119	972	210	42	930894	931830	3588706	3587761	4.62e-59	237
AL450380.1	FR878060.1	73.588	708	145	31	2032525	2033213	3326905	3327589	5.98e-58	233
AL450380.1	FR878060.1	79.822	337	51	11	12159	12479	10853	11188	7.73e-57	230
AL450380.1	FR878060.1	80.690	290	54	2	2325702	2325990	1233517	1233229	3.60e-55	224
AL450380.1	FR878060.1	75.407	492	105	16	1214174	1214659	3076742	3077223	3.60e-55	224
AL450380.1	FR878060.1	76.640	381	85	4	2375174	2375552	120404	120026	3.62e-50	207
AL450380.1	FR878060.1	89.286	168	13	5	2292890	2293054	730463	730298	1.30e-49	206
AL450380.1	FR878060.1	90.506	158	12	3	1535949	1536105	2391428	2391273	1.30e-49	206
AL450380.1	FR878060.1	71.995	807	190	25	885851	886651	3635097	3634321	1.30e-49	206
AL450380.1	FR878060.1	88.000	175	19	2	819670	819843	3710749	3710576	1.30e-49	206
AL450380.1	FR878060.1	77.353	340	71	6	485252	485588	3809702	3809366	7.84e-47	196
AL450380.1	FR878060.1	88.272	162	19	0	2326196	2326357	1233002	1232841	2.82e-46	195
AL450380.1	FR878060.1	74.777	448	104	5	2611037	2611477	905960	905515	1.01e-45	193
AL450380.1	FR878060.1	79.182	269	56	0	589646	589914	2903639	2903371	4.72e-44	187
AL450380.1	FR878060.1	91.304	138	9	3	780237	780372	3540016	3539880	1.70e-43	185
AL450380.1	FR878060.1	94.262	122	5	2	2736751	2736871	4102606	4102726	1.70e-43	185
AL450380.1	FR878060.1	90.071	141	11	2	28852	28992	25591	25728	7.90e-42	180
AL450380.1	FR878060.1	77.455	275	62	0	1122426	1122700	1246721	1246995	2.21e-37	165
AL450380.1	FR878060.1	96.939	98	2	1	2989332	2989428	383047	382950	7.95e-37	163
AL450380.1	FR878060.1	95.146	103	5	0	1481445	1481547	2781049	2780947	7.95e-37	163
AL450380.1	FR878060.1	94.340	106	6	0	2769028	2769133	4144421	4144526	7.95e-37	163
AL450380.1	FR878060.1	89.062	128	13	1	990790	990917	2606053	2605927	3.70e-35	158
AL450380.1	FR878060.1	79.435	248	20	16	1675416	1675646	1848624	1848857	8.01e-32	147
AL450380.1	FR878060.1	88.889	117	9	4	2506564	2506678	1021786	1021672	3.73e-30	141
AL450380.1	FR878060.1	100.000	75	0	0	344340	344414	1173792	1173866	1.34e-29	139
AL450380.1	FR878060.1	100.000	75	0	0	1638366	1638440	1938956	1939030	1.34e-29	139
AL450380.1	FR878060.1	93.684	95	3	3	2135493	2135586	2568283	2568375	1.34e-29	139
AL450380.1	FR878060.1	92.784	97	6	1	2033267	2033362	3327593	3327689	1.34e-29	139
AL450380.1	FR878060.1	70.018	1094	255	45	2148795	2149848	2580779	2581839	1.73e-28	135
AL450380.1	FR878060.1	98.649	74	1	0	326133	326206	1134472	1134545	2.24e-27	132
AL450380.1	FR878060.1	72.749	422	101	12	174746	175160	1722056	1721642	8.07e-27	130
AL450380.1	FR878060.1	91.566	83	7	0	920905	920987	3601854	3601772	2.26e-22	115
AL450380.1	FR878060.1	82.171	129	20	1	3196808	3196936	139960	139835	3.78e-20	108
AL450380.1	FR878060.1	95.312	64	3	0	780315	780378	3534495	3534432	1.76e-18	102
AL450380.1	FR878060.1	84.466	103	16	0	865599	865701	3650567	3650465	1.76e-18	102
AL450380.1	FR878060.1	91.667	72	5	1	242821	242892	1095476	1095546	2.27e-17	99.0
AL450380.1	FR878060.1	77.108	166	32	4	3016264	3016426	3359786	3359948	3.81e-15	91.6
AL450380.1	FR878060.1	70.270	518	139	14	2118426	2118936	1527956	1528465	1.37e-14	89.8
AL450380.1	FR878060.1	93.220	59	2	2	1777814	1777871	1460540	1460483	1.77e-13	86.1
AL450380.1	FR878060.1	80.172	116	20	2	1814727	1814841	1284317	1284204	6.37e-13	84.2
AL450380.1	FR878060.1	97.826	46	1	0	1629703	1629748	2972533	2972578	8.24e-12	80.5
AL450380.1	FR878060.1	97.826	46	1	0	1629703	1629748	2972584	2972629	8.24e-12	80.5
AL450380.1	FR878060.1	97.826	46	1	0	1629703	1629748	2972635	2972680	8.24e-12	80.5
AL450380.1	FR878060.1	97.826	46	1	0	1629703	1629748	2972686	2972731	8.24e-12	80.5
AL450380.1	FR878060.1	94.231	52	1	2	1777823	1777873	792905	792855	2.96e-11	78.7
AL450380.1	FR878060.1	82.474	97	10	7	1316284	1316376	1021658	1021751	2.96e-11	78.7
AL450380.1	FR878060.1	92.308	52	4	0	1915421	1915472	956623	956674	3.83e-10	75.0
AL450380.1	FR878060.1	93.878	49	3	0	1164273	1164321	3170212	3170164	3.83e-10	75.0
AL450380.1	FR878060.1	95.556	45	2	0	1164269	1164313	956674	956630	1.38e-09	73.1
AL450380.1	FR878060.1	97.674	43	0	1	1194840	1194882	1647932	1647891	1.38e-09	73.1
AL450380.1	FR878060.1	97.674	43	0	1	1194840	1194882	1647985	1647944	1.38e-09	73.1
AL450380.1	FR878060.1	92.157	51	4	0	1629692	1629742	3170221	3170171	1.38e-09	73.1
AL450380.1	FR878060.1	92.157	51	4	0	1629692	1629742	3170274	3170224	1.38e-09	73.1
AL450380.1	FR878060.1	97.561	41	1	0	1164273	1164313	956352	956312	4.96e-09	71.3
AL450380.1	FR878060.1	97.561	41	1	0	1164273	1164313	956405	956365	4.96e-09	71.3
AL450380.1	FR878060.1	97.561	41	1	0	1164273	1164313	956458	956418	4.96e-09	71.3
AL450380.1	FR878060.1	97.561	41	1	0	1164273	1164313	956511	956471	4.96e-09	71.3
AL450380.1	FR878060.1	97.561	41	1	0	1164273	1164313	956564	956524	4.96e-09	71.3
AL450380.1	FR878060.1	97.561	41	1	0	1164273	1164313	956617	956577	4.96e-09	71.3
AL450380.1	FR878060.1	97.561	41	1	0	1164273	1164313	2972531	2972571	4.96e-09	71.3
AL450380.1	FR878060.1	97.561	41	1	0	1164273	1164313	2972582	2972622	4.96e-09	71.3
AL450380.1	FR878060.1	97.561	41	1	0	1164273	1164313	2972633	2972673	4.96e-09	71.3
AL450380.1	FR878060.1	97.561	41	1	0	1164273	1164313	2972684	2972724	4.96e-09	71.3
AL450380.1	FR878060.1	93.617	47	3	0	1164273	1164319	3170265	3170219	4.96e-09	71.3
AL450380.1	FR878060.1	95.455	44	2	0	1915427	1915470	3170224	3170267	4.96e-09	71.3
AL450380.1	FR878060.1	93.617	47	3	0	1164273	1164319	3170318	3170272	4.96e-09	71.3
AL450380.1	FR878060.1	82.353	85	11	4	139193	139275	4218076	4217994	4.96e-09	71.3
AL450380.1	FR878060.1	93.617	47	1	1	1629703	1629747	956350	956304	1.78e-08	69.4
AL450380.1	FR878060.1	91.837	49	4	0	1915421	1915469	956305	956353	1.78e-08	69.4
AL450380.1	FR878060.1	93.617	47	1	1	1629703	1629747	956403	956357	1.78e-08	69.4
AL450380.1	FR878060.1	91.837	49	4	0	1915421	1915469	956358	956406	1.78e-08	69.4
AL450380.1	FR878060.1	93.617	47	1	1	1629703	1629747	956456	956410	1.78e-08	69.4
AL450380.1	FR878060.1	91.837	49	4	0	1915421	1915469	956411	956459	1.78e-08	69.4
AL450380.1	FR878060.1	93.617	47	1	1	1629703	1629747	956509	956463	1.78e-08	69.4
AL450380.1	FR878060.1	91.837	49	4	0	1915421	1915469	956464	956512	1.78e-08	69.4
AL450380.1	FR878060.1	93.617	47	1	1	1629703	1629747	956562	956516	1.78e-08	69.4
AL450380.1	FR878060.1	91.837	49	4	0	1915421	1915469	956517	956565	1.78e-08	69.4
AL450380.1	FR878060.1	93.617	47	1	1	1629703	1629747	956615	956569	1.78e-08	69.4
AL450380.1	FR878060.1	91.837	49	4	0	1915421	1915469	956570	956618	1.78e-08	69.4
AL450380.1	FR878060.1	93.617	47	1	1	1629703	1629747	956668	956622	1.78e-08	69.4
AL450380.1	FR878060.1	92.000	50	3	1	1777823	1777871	1628623	1628672	1.78e-08	69.4
AL450380.1	FR878060.1	95.349	43	2	0	1915427	1915469	2972572	2972530	1.78e-08	69.4
AL450380.1	FR878060.1	95.349	43	2	0	1915427	1915469	2972623	2972581	1.78e-08	69.4
AL450380.1	FR878060.1	95.349	43	2	0	1915427	1915469	2972674	2972632	1.78e-08	69.4
AL450380.1	FR878060.1	95.349	43	2	0	1915427	1915469	2972725	2972683	1.78e-08	69.4
AL450380.1	FR878060.1	97.500	40	1	0	1629703	1629742	3170316	3170277	1.78e-08	69.4
AL450380.1	FR878060.1	85.075	67	9	1	1164260	1164326	3607206	3607141	6.41e-08	67.6
AL450380.1	FR878060.1	93.182	44	3	0	2884050	2884093	1628623	1628666	2.31e-07	65.8
AL450380.1	FR878060.1	95.122	41	2	0	1915427	1915467	1930486	1930446	2.31e-07	65.8
AL450380.1	FR878060.1	93.182	44	3	0	2884050	2884093	1937149	1937106	2.31e-07	65.8
AL450380.1	FR878060.1	89.796	49	5	0	1071459	1071507	2338104	2338152	8.30e-07	63.9
AL450380.1	FR878060.1	94.872	39	2	0	126616	126654	1628662	1628624	2.98e-06	62.1
AL450380.1	FR878060.1	91.111	45	4	0	1071463	1071507	2338165	2338209	2.98e-06	62.1
AL450380.1	FR878060.1	91.111	45	4	0	1071463	1071507	2338222	2338266	2.98e-06	62.1
AL450380.1	FR878060.1	91.111	45	4	0	1164269	1164313	2675162	2675206	2.98e-06	62.1
AL450380.1	FR878060.1	100.000	33	0	0	1258591	1258623	2759737	2759769	2.98e-06	62.1
AL450380.1	FR878060.1	97.143	35	1	0	2884059	2884093	792896	792862	1.07e-05	60.2
AL450380.1	FR878060.1	89.583	48	4	1	1164267	1164313	1826663	1826616	1.07e-05	60.2
AL450380.1	FR878060.1	92.683	41	3	0	1164273	1164313	2675220	2675260	1.07e-05	60.2
AL450380.1	FR878060.1	87.755	49	6	0	1071459	1071507	1455110	1455062	3.86e-05	58.4
AL450380.1	FR878060.1	97.059	34	1	0	1164273	1164306	2675274	2675307	3.86e-05	58.4
AL450380.1	FR878060.1	100.000	30	0	0	126616	126645	792866	792895	1.39e-04	56.5
AL450380.1	FR878060.1	100.000	30	0	0	126616	126645	799826	799855	1.39e-04	56.5
AL450380.1	FR878060.1	100.000	30	0	0	2324436	2324465	1234737	1234708	1.39e-04	56.5
AL450380.1	FR878060.1	92.308	39	3	0	1071472	1071510	1454926	1454888	1.39e-04	56.5
AL450380.1	FR878060.1	94.444	36	2	0	1071472	1071507	1454983	1454948	1.39e-04	56.5
AL450380.1	FR878060.1	94.444	36	2	0	1071472	1071507	1455040	1455005	1.39e-04	56.5
AL450380.1	FR878060.1	94.444	36	2	0	2884058	2884093	2704527	2704562	1.39e-04	56.5
AL450380.1	FR878060.1	94.595	37	1	1	305910	305945	4022600	4022564	1.39e-04	56.5
AL450380.1	FR878060.1	100.000	29	0	0	126616	126644	2704558	2704530	4.99e-04	54.7
AL450380.1	FR878060.1	100.000	29	0	0	372412	372440	4242372	4242400	4.99e-04	54.7
AL450380.1	FR878060.1	100.000	28	0	0	1777833	1777860	799855	799828	0.002	52.8
AL450380.1	FR878060.1	100.000	28	0	0	126618	126645	1460495	1460522	0.002	52.8
AL450380.1	FR878060.1	96.774	31	1	0	2222848	2222878	2137832	2137802	0.002	52.8
AL450380.1	FR878060.1	100.000	28	0	0	1071480	1071507	3553111	3553138	0.002	52.8
