AL450380.1	CP010333.1	79.681	19159	3500	247	2793920	2812904	3263161	3244222	0.0	13450
AL450380.1	CP010333.1	86.785	7499	961	26	2269270	2276755	769850	762369	0.0	8331
AL450380.1	CP010333.1	94.649	4990	190	39	1341143	1346097	1479487	1484434	0.0	7664
AL450380.1	CP010333.1	81.384	8509	1463	90	180003	188453	3290096	3281651	0.0	6826
AL450380.1	CP010333.1	84.425	6414	927	44	194160	200535	3272724	3266345	0.0	6244
AL450380.1	CP010333.1	81.568	6581	1177	31	77465	84030	4308966	4302407	0.0	5400
AL450380.1	CP010333.1	79.582	7807	1367	140	2024662	2032371	3331144	3338820	0.0	5376
AL450380.1	CP010333.1	78.115	7439	1498	99	3016493	3023888	351017	343666	0.0	4599
AL450380.1	CP010333.1	81.124	5727	1035	33	1862215	1867909	2027492	2021780	0.0	4545
AL450380.1	CP010333.1	80.621	5893	1064	63	1959885	1965748	2485222	2491065	0.0	4484
AL450380.1	CP010333.1	79.358	5954	1105	76	266057	271975	4059574	4053710	0.0	4072
AL450380.1	CP010333.1	80.545	5243	982	24	1396601	1401827	2842031	2836811	0.0	3997
AL450380.1	CP010333.1	77.933	6521	1317	88	1502246	1508692	1802304	1808776	0.0	3958
AL450380.1	CP010333.1	82.384	4581	769	30	480610	485172	3807343	3802783	0.0	3954
AL450380.1	CP010333.1	79.294	5525	1017	92	2880041	2885521	622702	617261	0.0	3747
AL450380.1	CP010333.1	86.118	3436	459	14	1260024	1263447	1392576	1396005	0.0	3687
AL450380.1	CP010333.1	78.842	5563	1060	80	1767602	1773114	2738774	2744269	0.0	3644
AL450380.1	CP010333.1	85.727	3398	463	13	2569164	2572543	961658	958265	0.0	3568
AL450380.1	CP010333.1	81.292	4474	766	44	2064072	2068516	3376645	3381076	0.0	3559
AL450380.1	CP010333.1	82.427	4046	624	59	2093472	2097461	3400811	3404825	0.0	3452
AL450380.1	CP010333.1	77.504	5921	1179	97	1490879	1496727	2776278	2770439	0.0	3413
AL450380.1	CP010333.1	79.745	4784	896	47	720590	725327	1657363	1662119	0.0	3398
AL450380.1	CP010333.1	80.718	4429	766	61	2894834	2899216	606365	601979	0.0	3367
AL450380.1	CP010333.1	82.504	3858	636	25	678849	682691	1601964	1605797	0.0	3349
AL450380.1	CP010333.1	85.438	3207	454	12	921040	924240	3612014	3608815	0.0	3323
AL450380.1	CP010333.1	81.730	4034	686	38	1422548	1426548	1757116	1761131	0.0	3319
AL450380.1	CP010333.1	81.858	3908	687	19	1401953	1405852	2836701	2832808	0.0	3269
AL450380.1	CP010333.1	79.536	4657	842	70	384309	388931	501179	496600	0.0	3217
AL450380.1	CP010333.1	79.357	4602	888	47	3204935	3209499	130743	126167	0.0	3179
AL450380.1	CP010333.1	80.820	4072	729	42	1692183	1696223	1872835	1876885	0.0	3145
AL450380.1	CP010333.1	81.481	3796	691	11	1318301	1322090	1455687	1459476	0.0	3105
AL450380.1	CP010333.1	79.205	4530	858	63	301208	305702	4023265	4018785	0.0	3070
AL450380.1	CP010333.1	80.148	4181	762	48	2472768	2476916	2072853	2068709	0.0	3061
AL450380.1	CP010333.1	80.816	3946	718	33	126670	130593	4233746	4229818	0.0	3057
AL450380.1	CP010333.1	82.067	3619	588	39	657332	660932	1572416	1575991	0.0	3031
AL450380.1	CP010333.1	76.985	5440	1148	76	670034	675422	1591067	1596453	0.0	3014
AL450380.1	CP010333.1	83.404	3290	502	34	2257091	2260372	787115	783862	0.0	3011
AL450380.1	CP010333.1	81.854	3593	604	28	1556881	1560467	2383234	2379684	0.0	2979
AL450380.1	CP010333.1	79.324	4411	786	80	1019677	1024050	2482852	2478531	0.0	2977
AL450380.1	CP010333.1	87.194	2577	327	3	305974	308549	4018532	4015958	0.0	2928
AL450380.1	CP010333.1	80.452	3852	718	23	649623	653466	1565049	1568873	0.0	2909
AL450380.1	CP010333.1	83.275	3145	516	9	486306	489443	3796093	3792952	0.0	2885
AL450380.1	CP010333.1	78.084	4718	908	74	891911	896575	3640318	3635674	0.0	2868
AL450380.1	CP010333.1	83.312	3134	478	39	2083348	2086469	3391506	3394606	0.0	2848
AL450380.1	CP010333.1	85.462	2717	389	6	1996150	1998864	2515299	2518011	0.0	2824
AL450380.1	CP010333.1	81.203	3591	599	46	328050	331602	1143503	1147055	0.0	2822
AL450380.1	CP010333.1	79.439	4032	774	39	21105	25108	17679	21683	0.0	2802
AL450380.1	CP010333.1	84.212	2901	433	19	1668308	1671193	1846611	1849501	0.0	2796
AL450380.1	CP010333.1	81.395	3499	588	44	2750464	2753948	4122529	4125978	0.0	2796
AL450380.1	CP010333.1	81.397	3435	602	31	736633	740055	2703925	2700516	0.0	2769
AL450380.1	CP010333.1	77.697	4654	950	67	1055271	1059895	2443849	2439255	0.0	2763
AL450380.1	CP010333.1	78.453	4293	849	52	1248424	1252698	1380854	1385088	0.0	2734
AL450380.1	CP010333.1	78.290	4385	846	64	2813395	2817725	3243752	3239420	0.0	2726
AL450380.1	CP010333.1	78.423	4287	845	58	1445954	1450208	1796797	1801035	0.0	2719
AL450380.1	CP010333.1	77.102	4817	1004	70	1606100	1610871	1910469	1915231	0.0	2693
AL450380.1	CP010333.1	80.546	3516	624	39	2195047	2198536	1674661	1671180	0.0	2649
AL450380.1	CP010333.1	78.577	4089	770	76	866896	870919	3659692	3655645	0.0	2601
AL450380.1	CP010333.1	83.375	2827	448	12	1989140	1991961	2508278	2511087	0.0	2597
AL450380.1	CP010333.1	83.791	2733	398	23	1993404	1996128	2512524	2515219	0.0	2551
AL450380.1	CP010333.1	75.775	5325	1130	109	2282269	2287523	744393	739159	0.0	2540
AL450380.1	CP010333.1	84.600	2578	356	26	833874	836423	3698389	3695825	0.0	2523
AL450380.1	CP010333.1	77.772	4166	876	33	3065588	3069737	285540	281409	0.0	2518
AL450380.1	CP010333.1	81.008	3254	545	41	1335152	1338359	1472536	1475762	0.0	2518
AL450380.1	CP010333.1	80.332	3376	612	36	1782209	1785557	2756536	2759886	0.0	2508
AL450380.1	CP010333.1	78.666	3853	732	70	3150508	3154325	188002	184205	0.0	2479
AL450380.1	CP010333.1	85.297	2394	334	14	595576	597956	2902911	2900523	0.0	2455
AL450380.1	CP010333.1	78.311	3919	746	64	2900986	2904859	597057	593198	0.0	2433
AL450380.1	CP010333.1	82.574	2789	457	20	1579751	1582522	2355295	2352519	0.0	2431
AL450380.1	CP010333.1	80.127	3316	611	35	850393	853693	3681693	3678411	0.0	2429
AL450380.1	CP010333.1	82.697	2751	453	17	1043191	1045927	2457155	2454414	0.0	2422
AL450380.1	CP010333.1	82.518	2740	460	16	777157	779885	3553989	3551258	0.0	2388
AL450380.1	CP010333.1	78.883	3599	690	49	1629703	1633256	1940986	1944559	0.0	2372
AL450380.1	CP010333.1	80.192	3226	578	43	1687628	1690838	1868456	1871635	0.0	2361
AL450380.1	CP010333.1	81.424	2907	510	27	634601	637495	2850503	2847615	0.0	2350
AL450380.1	CP010333.1	82.783	2637	443	9	2963219	2965851	460997	463626	0.0	2344
AL450380.1	CP010333.1	77.193	4196	834	78	1081877	1086002	2412035	2407893	0.0	2333
AL450380.1	CP010333.1	77.452	4027	823	58	1851741	1855726	2042578	2038596	0.0	2327
AL450380.1	CP010333.1	80.681	3054	535	26	756773	759806	2648959	2645941	0.0	2320
AL450380.1	CP010333.1	78.311	3707	720	58	1438578	1442253	1787410	1791063	0.0	2314
AL450380.1	CP010333.1	82.807	2629	410	27	1879726	1882354	3134500	3137086	0.0	2313
AL450380.1	CP010333.1	81.082	2939	518	24	2052000	2054919	3360840	3363759	0.0	2313
AL450380.1	CP010333.1	79.064	3463	645	53	1087273	1090687	2406796	2403366	0.0	2305
AL450380.1	CP010333.1	80.392	3060	572	21	694879	697930	1621259	1624298	0.0	2302
AL450380.1	CP010333.1	78.337	3619	738	37	1680982	1684580	1861542	1865134	0.0	2298
AL450380.1	CP010333.1	82.436	2693	411	44	130762	133422	4229697	4227035	0.0	2296
AL450380.1	CP010333.1	76.152	4579	956	100	1432240	1436760	1781270	1785770	0.0	2281
AL450380.1	CP010333.1	83.695	2441	373	19	2332605	2335026	1231996	1229562	0.0	2279
AL450380.1	CP010333.1	85.789	2111	293	6	293584	295693	4030795	4028691	0.0	2230
AL450380.1	CP010333.1	79.357	3236	594	50	622155	625365	2869176	2865990	0.0	2207
AL450380.1	CP010333.1	85.074	2164	321	2	1661599	1663761	1839795	1841957	0.0	2206
AL450380.1	CP010333.1	87.474	1908	232	7	124589	126493	4235722	4233819	0.0	2193
AL450380.1	CP010333.1	82.646	2547	372	32	1013562	1016063	3084182	3081661	0.0	2191
AL450380.1	CP010333.1	78.492	3422	658	60	1912789	1916182	3179466	3182837	0.0	2170
AL450380.1	CP010333.1	80.281	2921	527	35	645416	648321	1561033	1563919	0.0	2158
AL450380.1	CP010333.1	77.501	3658	775	40	1954851	1958481	3224221	3227857	0.0	2152
AL450380.1	CP010333.1	83.658	2307	334	30	2241936	2244235	804955	802685	0.0	2132
AL450380.1	CP010333.1	81.150	2679	476	19	2219427	2222090	830015	827351	0.0	2122
AL450380.1	CP010333.1	81.660	2579	446	13	796051	798625	3500330	3497775	0.0	2117
AL450380.1	CP010333.1	81.503	2595	451	24	323458	326044	1140051	1142624	0.0	2106
AL450380.1	CP010333.1	80.952	2688	482	17	1822935	1825605	3055811	3058485	0.0	2100
AL450380.1	CP010333.1	80.723	2739	490	25	1652684	1655407	1836282	1838997	0.0	2098
AL450380.1	CP010333.1	84.933	2084	301	10	2524131	2526211	1009877	1007804	0.0	2097
AL450380.1	CP010333.1	78.640	3235	627	47	2698909	2702116	653417	656614	0.0	2087
AL450380.1	CP010333.1	80.028	2859	536	31	2790911	2793754	3266168	3263330	0.0	2084
AL450380.1	CP010333.1	76.723	3888	799	73	282427	286279	4039362	4035546	0.0	2069
AL450380.1	CP010333.1	81.120	2590	475	11	1797623	1800205	1308872	1306290	0.0	2061
AL450380.1	CP010333.1	82.091	2429	420	10	2732172	2734591	4094395	4096817	0.0	2061
AL450380.1	CP010333.1	76.734	3834	795	67	1617823	1621624	1920545	1924313	0.0	2049
AL450380.1	CP010333.1	78.833	3085	602	37	36177	39235	43725	46784	0.0	2032
AL450380.1	CP010333.1	79.830	2816	539	25	2463429	2466237	2082604	2079811	0.0	2026
AL450380.1	CP010333.1	80.615	2698	456	48	2228981	2231655	818201	815548	0.0	2023
AL450380.1	CP010333.1	81.082	2569	432	36	377391	379938	511853	509318	0.0	2002
AL450380.1	CP010333.1	80.339	2655	494	22	1648266	1650915	1836119	1833488	0.0	1986
AL450380.1	CP010333.1	85.692	1894	260	10	1568186	1570074	2373541	2371654	0.0	1986
AL450380.1	CP010333.1	79.514	2841	534	38	117903	120728	4242451	4239644	0.0	1978
AL450380.1	CP010333.1	77.565	3392	682	59	17544	20901	14154	17500	0.0	1975
AL450380.1	CP010333.1	82.423	2270	391	8	2626951	2629217	901193	898929	0.0	1975
AL450380.1	CP010333.1	79.479	2841	538	35	1595445	1598268	2981955	2979143	0.0	1975
AL450380.1	CP010333.1	80.112	2685	485	34	2467353	2470010	2078426	2075764	0.0	1954
AL450380.1	CP010333.1	79.831	2727	506	31	153685	156396	4201914	4199217	0.0	1949
AL450380.1	CP010333.1	80.964	2532	418	41	149361	151875	4210597	4208113	0.0	1947
AL450380.1	CP010333.1	77.173	3509	692	58	3258285	3261776	4360355	4363771	0.0	1941
AL450380.1	CP010333.1	87.627	1673	202	5	405419	407089	530042	531711	0.0	1938
AL450380.1	CP010333.1	75.288	4342	921	99	1355252	1359535	1499458	1503705	0.0	1934
AL450380.1	CP010333.1	78.648	2988	577	44	2721992	2724944	4083762	4086723	0.0	1927
AL450380.1	CP010333.1	80.038	2650	475	41	2090606	2093230	3397970	3400590	0.0	1914
AL450380.1	CP010333.1	78.266	3138	566	64	874664	877757	3651963	3648898	0.0	1910
AL450380.1	CP010333.1	82.181	2256	364	27	1779773	1782003	2752208	2754450	0.0	1905
AL450380.1	CP010333.1	81.662	2323	397	27	3210654	3212962	72639	74946	0.0	1903
AL450380.1	CP010333.1	77.091	3431	694	64	217158	220545	1063961	1067342	0.0	1897
AL450380.1	CP010333.1	79.355	2761	517	44	1127692	1130438	1262374	1265095	0.0	1892
AL450380.1	CP010333.1	79.203	2837	500	59	1228779	1231550	1354513	1357324	0.0	1888
AL450380.1	CP010333.1	77.799	3144	630	51	760085	763200	2643871	2640768	0.0	1877
AL450380.1	CP010333.1	78.155	2948	612	25	1482866	1485791	2785083	2782146	0.0	1847
AL450380.1	CP010333.1	74.601	4449	1011	97	3096293	3100688	203003	207385	0.0	1845
AL450380.1	CP010333.1	85.066	1808	268	2	2971663	2973469	423056	421250	0.0	1842
AL450380.1	CP010333.1	81.741	2240	375	21	2177913	2180132	1694774	1692549	0.0	1840
AL450380.1	CP010333.1	79.827	2548	495	17	1761570	1764109	2731150	2733686	0.0	1840
AL450380.1	CP010333.1	80.700	2399	434	23	312281	314669	1130022	1132401	0.0	1838
AL450380.1	CP010333.1	81.006	2385	392	40	1183481	1185836	3015556	3013204	0.0	1838
AL450380.1	CP010333.1	82.434	2095	358	9	240531	242620	1101381	1103470	0.0	1821
AL450380.1	CP010333.1	80.997	2326	408	25	2369803	2372105	2166789	2164475	0.0	1816
AL450380.1	CP010333.1	77.848	3020	607	49	3129374	3132366	245602	248586	0.0	1814
AL450380.1	CP010333.1	77.822	3048	595	56	551271	554268	2929567	2932583	0.0	1808
AL450380.1	CP010333.1	80.178	2477	441	33	872006	874471	3654491	3652054	0.0	1808
AL450380.1	CP010333.1	83.532	1931	302	9	3055145	3057062	294447	292520	0.0	1790
AL450380.1	CP010333.1	78.881	2699	525	28	1328493	1331154	1465937	1468627	0.0	1784
AL450380.1	CP010333.1	77.200	3272	608	93	1584484	1587731	2350565	2347408	0.0	1783
AL450380.1	CP010333.1	79.123	2644	507	33	900144	902780	3633929	3631324	0.0	1783
AL450380.1	CP010333.1	78.897	2739	494	60	1079000	1081698	2414871	2412177	0.0	1779
AL450380.1	CP010333.1	79.146	2623	510	23	631372	633981	2853546	2850948	0.0	1779
AL450380.1	CP010333.1	76.933	3234	665	61	2535352	2538531	989271	986065	0.0	1764
AL450380.1	CP010333.1	82.681	2044	294	33	2293048	2295078	735288	733292	0.0	1759
AL450380.1	CP010333.1	81.373	2142	376	12	888796	890917	3643460	3641322	0.0	1724
AL450380.1	CP010333.1	81.928	2075	341	17	473127	475173	3813110	3811042	0.0	1724
AL450380.1	CP010333.1	83.046	1911	296	16	462957	464855	3835101	3833207	0.0	1709
AL450380.1	CP010333.1	77.888	2822	559	48	1745795	1748599	2710068	2712841	0.0	1694
AL450380.1	CP010333.1	80.298	2279	419	24	2059832	2062100	3372401	3374659	0.0	1694
AL450380.1	CP010333.1	79.667	2400	436	30	904662	907051	3629522	3627165	0.0	1681
AL450380.1	CP010333.1	77.778	2889	534	77	1886295	1889131	3142805	3145637	0.0	1679
AL450380.1	CP010333.1	81.597	2054	354	22	2620676	2622717	906755	904714	0.0	1677
AL450380.1	CP010333.1	78.074	2773	525	61	2198712	2201451	1671058	1668336	0.0	1676
AL450380.1	CP010333.1	80.787	2160	400	7	2729177	2731336	4091199	4093343	0.0	1676
AL450380.1	CP010333.1	84.002	1744	271	7	2044356	2046095	3353168	3354907	0.0	1668
AL450380.1	CP010333.1	80.070	2288	412	30	2336689	2338938	1228650	1226369	0.0	1659
AL450380.1	CP010333.1	83.886	1750	264	15	1489114	1490850	2778096	2776352	0.0	1653
AL450380.1	CP010333.1	81.244	2058	372	13	2055790	2057840	3364596	3366646	0.0	1650
AL450380.1	CP010333.1	77.188	2994	577	71	2191853	2194819	1677666	1674752	0.0	1648
AL450380.1	CP010333.1	77.154	2867	630	20	1006018	1008870	2594347	2591492	0.0	1642
AL450380.1	CP010333.1	86.622	1495	187	7	2344282	2345767	3855232	3856722	0.0	1640
AL450380.1	CP010333.1	80.467	2186	391	24	581225	583404	2918072	2915917	0.0	1639
AL450380.1	CP010333.1	78.842	2538	454	46	2183220	2185741	1687015	1684545	0.0	1635
AL450380.1	CP010333.1	78.698	2535	481	39	1871052	1873573	3093663	3096151	0.0	1635
AL450380.1	CP010333.1	78.498	2516	521	17	2624343	2626846	904417	901910	0.0	1631
AL450380.1	CP010333.1	74.837	3839	849	91	2014833	2018632	3319297	3323057	0.0	1629
AL450380.1	CP010333.1	79.729	2284	434	27	1368584	1370853	1513760	1516028	0.0	1626
AL450380.1	CP010333.1	76.618	3028	659	37	3249903	3252894	4352004	4355018	0.0	1624
AL450380.1	CP010333.1	83.009	1801	296	4	606828	608618	2890492	2888692	0.0	1622
AL450380.1	CP010333.1	80.654	2109	395	12	805893	807994	3461017	3458915	0.0	1622
AL450380.1	CP010333.1	82.372	1889	307	22	1201198	1203073	2991340	2989465	0.0	1620
AL450380.1	CP010333.1	78.521	2528	500	34	136582	139088	4222467	4219962	0.0	1620
AL450380.1	CP010333.1	84.091	1672	264	2	2559315	2560985	963402	961732	0.0	1613
AL450380.1	CP010333.1	79.465	2279	456	9	676267	678543	1598276	1600544	0.0	1605
AL450380.1	CP010333.1	78.129	2565	530	23	3090748	3093300	197440	199985	0.0	1600
AL450380.1	CP010333.1	84.465	1635	239	9	2231735	2233363	815387	813762	0.0	1598
AL450380.1	CP010333.1	81.101	2016	356	21	361298	363308	436375	438370	0.0	1589
AL450380.1	CP010333.1	84.420	1611	237	10	1094206	1095814	2483308	2484906	0.0	1572
AL450380.1	CP010333.1	76.131	3138	651	65	843181	846280	3687947	3684870	0.0	1555
AL450380.1	CP010333.1	85.753	1474	204	4	913631	915101	3620430	3618960	0.0	1554
AL450380.1	CP010333.1	82.102	1855	297	27	2754521	2756357	4126111	4127948	0.0	1554
AL450380.1	CP010333.1	84.470	1584	235	6	1573902	1575474	2369688	2368105	0.0	1552
AL450380.1	CP010333.1	76.650	2878	629	33	296127	298993	4028348	4025503	0.0	1552
AL450380.1	CP010333.1	77.100	2786	564	56	465201	467962	3831405	3828670	0.0	1543
AL450380.1	CP010333.1	79.962	2091	412	7	8966	11053	7687	9773	0.0	1533
AL450380.1	CP010333.1	78.252	2506	464	64	1147168	1149634	3051076	3048613	0.0	1533
AL450380.1	CP010333.1	77.655	2627	512	57	2185766	2188367	1684554	1681978	0.0	1530
AL450380.1	CP010333.1	78.529	2352	480	20	3123491	3125834	239568	241902	0.0	1522
AL450380.1	CP010333.1	80.565	2017	356	21	2757683	2759677	4129585	4131587	0.0	1520
AL450380.1	CP010333.1	81.993	1816	294	25	3240712	3242519	52133	50343	0.0	1511
AL450380.1	CP010333.1	84.017	1608	220	20	2238692	2240298	808365	806794	0.0	1511
AL450380.1	CP010333.1	84.930	1493	223	2	1145633	1147124	3052652	3051161	0.0	1509
AL450380.1	CP010333.1	81.991	1788	310	10	3135264	3137045	252366	254147	0.0	1507
AL450380.1	CP010333.1	83.510	1607	265	0	916684	918290	3617412	3615806	0.0	1500
AL450380.1	CP010333.1	78.296	2442	447	49	1164305	1166728	3031111	3028735	0.0	1496
AL450380.1	CP010333.1	77.671	2508	519	26	2157660	2160149	2525179	2527663	0.0	1491
AL450380.1	CP010333.1	78.340	2373	465	33	214251	216609	1061546	1063883	0.0	1489
AL450380.1	CP010333.1	76.489	2854	600	56	1064324	1067130	2433727	2430898	0.0	1487
AL450380.1	CP010333.1	87.578	1288	149	9	2255787	2257066	788541	787257	0.0	1482
AL450380.1	CP010333.1	83.130	1636	256	13	1765392	1767011	2736495	2738126	0.0	1474
AL450380.1	CP010333.1	83.436	1618	233	16	2240346	2241931	806691	805077	0.0	1471
AL450380.1	CP010333.1	81.100	1836	345	2	1074025	1075859	2424100	2422266	0.0	1467
AL450380.1	CP010333.1	80.797	1906	338	18	115359	117248	4244940	4243047	0.0	1467
AL450380.1	CP010333.1	77.343	2529	535	36	2602581	2605090	918297	915788	0.0	1461
AL450380.1	CP010333.1	82.023	1730	296	11	714231	715958	1650916	1652632	0.0	1458
AL450380.1	CP010333.1	79.211	2155	401	34	2908897	2911029	589289	587160	0.0	1454
AL450380.1	CP010333.1	79.860	2006	388	14	314922	316919	1132579	1134576	0.0	1452
AL450380.1	CP010333.1	81.488	1788	314	10	1575477	1577254	2368059	2366279	0.0	1452
AL450380.1	CP010333.1	83.396	1608	222	28	2345835	2347431	3856852	3858425	0.0	1448
AL450380.1	CP010333.1	76.776	2661	571	29	189340	191969	3277741	3275097	0.0	1447
AL450380.1	CP010333.1	82.206	1686	288	9	1316547	1318226	1454008	1455687	0.0	1441
AL450380.1	CP010333.1	76.686	2698	562	49	2517774	2520442	1013242	1010583	0.0	1435
AL450380.1	CP010333.1	75.658	3040	652	54	1974014	1977033	2497500	2500471	0.0	1434
AL450380.1	CP010333.1	79.087	2147	391	33	1675739	1677865	1855153	1857261	0.0	1424
AL450380.1	CP010333.1	77.090	2584	517	52	177280	179830	3292645	3290104	0.0	1423
AL450380.1	CP010333.1	76.323	2796	578	66	952103	954859	3588335	3585585	0.0	1419
AL450380.1	CP010333.1	82.622	1617	265	8	491021	492635	3789816	3788214	0.0	1415
AL450380.1	CP010333.1	78.330	2192	449	22	2106677	2108858	3412888	3415063	0.0	1393
AL450380.1	CP010333.1	78.009	2260	462	25	817139	819387	3722157	3719922	0.0	1387
AL450380.1	CP010333.1	80.971	1771	310	24	2863213	2864965	1209313	1207552	0.0	1378
AL450380.1	CP010333.1	76.039	2863	567	75	1076137	1078986	2417674	2414918	0.0	1376
AL450380.1	CP010333.1	77.540	2382	467	41	158041	160402	4197579	4195246	0.0	1373
AL450380.1	CP010333.1	81.196	1723	305	17	918425	920140	3615668	3613958	0.0	1369
AL450380.1	CP010333.1	79.040	2042	386	24	2544124	2546151	979144	977131	0.0	1362
AL450380.1	CP010333.1	83.750	1440	232	2	1519721	1521159	1818957	1820395	0.0	1362
AL450380.1	CP010333.1	82.353	1581	265	12	1965985	1967559	2491316	2492888	0.0	1362
AL450380.1	CP010333.1	80.667	1769	321	16	192013	193769	3275025	3273266	0.0	1352
AL450380.1	CP010333.1	81.329	1671	302	8	211160	212827	1058342	1060005	0.0	1349
AL450380.1	CP010333.1	77.186	2345	515	19	1726392	1728731	2298779	2301108	0.0	1349
AL450380.1	CP010333.1	79.439	1960	362	24	1945488	1947440	2566447	2564522	0.0	1349
AL450380.1	CP010333.1	78.565	2104	408	30	769145	771238	3561997	3559927	0.0	1347
AL450380.1	CP010333.1	82.085	1602	261	12	2969311	2970897	425468	423878	0.0	1345
AL450380.1	CP010333.1	76.829	2447	520	41	3093542	3095965	200266	202688	0.0	1334
AL450380.1	CP010333.1	77.626	2266	460	37	257225	259460	1123142	1125390	0.0	1332
AL450380.1	CP010333.1	78.982	1965	402	8	2373616	2375575	101283	103241	0.0	1330
AL450380.1	CP010333.1	78.059	2133	449	11	528604	530729	2818190	2816070	0.0	1328
AL450380.1	CP010333.1	83.894	1397	217	7	2982752	2984145	404706	403315	0.0	1327
AL450380.1	CP010333.1	77.863	2227	420	47	960433	962623	3579872	3577683	0.0	1314
AL450380.1	CP010333.1	80.434	1753	316	14	1427794	1429525	1775002	1776748	0.0	1312
AL450380.1	CP010333.1	81.093	1629	300	7	1410867	1412491	1746465	1748089	0.0	1295
AL450380.1	CP010333.1	75.581	2752	603	57	1726004	1728727	2292307	2295017	0.0	1295
AL450380.1	CP010333.1	80.822	1679	291	25	113631	115292	4246619	4244955	0.0	1288
AL450380.1	CP010333.1	83.513	1389	216	8	1323771	1325154	1461276	1462656	0.0	1284
AL450380.1	CP010333.1	82.594	1465	246	5	2452172	2453630	2099114	2097653	0.0	1284
AL450380.1	CP010333.1	81.771	1536	278	2	2741815	2743349	4110696	4112230	0.0	1284
AL450380.1	CP010333.1	78.906	1920	384	14	1294673	1296584	1433779	1435685	0.0	1282
AL450380.1	CP010333.1	78.964	1911	374	22	2762495	2764395	4134490	4136382	0.0	1277
AL450380.1	CP010333.1	83.075	1418	218	15	1061569	1062975	2437595	2436189	0.0	1269
AL450380.1	CP010333.1	82.962	1438	205	20	2291152	2292565	737324	735903	0.0	1262
AL450380.1	CP010333.1	76.471	2414	515	41	1551555	1553957	2388169	2385798	0.0	1262
AL450380.1	CP010333.1	79.221	1848	357	23	625680	627518	2865702	2863873	0.0	1260
AL450380.1	CP010333.1	79.739	1762	335	17	1024995	1026745	2477526	2475776	0.0	1256
AL450380.1	CP010333.1	80.967	1613	274	20	978644	980232	2635146	2633543	0.0	1247
AL450380.1	CP010333.1	80.265	1662	318	9	2143417	2145073	2583293	2584949	0.0	1243
AL450380.1	CP010333.1	77.421	2148	443	30	2000922	2003055	3229817	3231936	0.0	1242
AL450380.1	CP010333.1	79.033	1841	346	20	147454	149289	4212537	4210732	0.0	1225
AL450380.1	CP010333.1	79.545	1760	325	22	627723	629476	2857107	2855377	0.0	1223
AL450380.1	CP010333.1	84.144	1274	188	13	1992028	1993294	2511120	2512386	0.0	1221
AL450380.1	CP010333.1	82.411	1427	226	17	1193448	1194858	3006381	3004964	0.0	1221
AL450380.1	CP010333.1	87.812	1042	125	2	1189187	1190227	3010718	3009678	0.0	1219
AL450380.1	CP010333.1	80.562	1636	270	29	3033678	3035295	324945	323340	0.0	1216
AL450380.1	CP010333.1	78.515	1885	379	22	1053276	1055146	2445827	2443955	0.0	1214
AL450380.1	CP010333.1	77.424	2073	445	19	1759304	1761366	2728794	2730853	0.0	1214
AL450380.1	CP010333.1	78.695	1901	346	38	1935020	1936889	3201568	3203440	0.0	1212
AL450380.1	CP010333.1	77.077	2155	458	31	2946631	2948761	4174526	4172384	0.0	1210
AL450380.1	CP010333.1	79.213	1780	334	24	2079775	2081544	3387998	3389751	0.0	1205
AL450380.1	CP010333.1	80.619	1584	280	19	1027299	1028879	2475727	2474168	0.0	1199
AL450380.1	CP010333.1	77.345	2132	411	50	619744	621845	2872604	2870515	0.0	1195
AL450380.1	CP010333.1	79.108	1771	320	33	2764436	2766196	4136387	4138117	0.0	1175
AL450380.1	CP010333.1	79.640	1665	314	18	2677084	2678733	3884892	3886546	0.0	1173
AL450380.1	CP010333.1	79.963	1612	304	19	2348313	2349914	3860002	3861604	0.0	1170
AL450380.1	CP010333.1	81.487	1426	258	6	2448371	2449792	2107014	2105591	0.0	1166
AL450380.1	CP010333.1	78.358	1839	370	21	1545773	1547593	2394361	2392533	0.0	1166
AL450380.1	CP010333.1	81.728	1412	234	16	803507	804914	3463522	3462131	0.0	1157
AL450380.1	CP010333.1	74.032	3046	696	72	2383350	2386367	110437	113415	0.0	1155
AL450380.1	CP010333.1	85.885	1091	144	9	2277254	2278340	755011	753927	0.0	1153
AL450380.1	CP010333.1	82.579	1303	227	0	2531635	2532937	1004052	1002750	0.0	1149
AL450380.1	CP010333.1	82.877	1279	214	4	2340156	2341431	1225242	1223966	0.0	1144
AL450380.1	CP010333.1	81.123	1425	267	2	1554201	1555624	2387221	2385798	0.0	1140
AL450380.1	CP010333.1	79.296	1647	324	14	2305188	2306827	4011818	4013454	0.0	1136
AL450380.1	CP010333.1	80.366	1528	273	23	58	1564	1	1522	0.0	1134
AL450380.1	CP010333.1	80.261	1535	280	17	1803981	1805496	1301048	1299518	0.0	1134
AL450380.1	CP010333.1	78.322	1776	369	13	946533	948302	3088155	3086390	0.0	1133
AL450380.1	CP010333.1	81.471	1387	243	10	3072678	3074057	279704	278325	0.0	1125
AL450380.1	CP010333.1	76.988	2025	428	28	2920659	2922674	575255	573260	0.0	1123
AL450380.1	CP010333.1	79.609	1584	309	10	2647368	2648941	876057	874478	0.0	1123
AL450380.1	CP010333.1	81.596	1391	225	17	1325474	1326861	1462816	1464178	0.0	1122
AL450380.1	CP010333.1	84.892	1112	165	3	492725	493834	50343	51453	0.0	1120
AL450380.1	CP010333.1	80.722	1468	254	22	915128	916585	3618879	3617431	0.0	1116
AL450380.1	CP010333.1	81.832	1343	223	15	2160246	2161576	2528008	2529341	0.0	1109
AL450380.1	CP010333.1	73.532	3151	734	74	3107515	3110621	214652	217746	0.0	1107
AL450380.1	CP010333.1	83.611	1202	170	16	2280436	2281618	751650	750457	0.0	1103
AL450380.1	CP010333.1	79.338	1631	287	30	2905089	2906708	593082	591491	0.0	1099
AL450380.1	CP010333.1	81.375	1353	237	8	588091	589432	2910342	2908994	0.0	1088
AL450380.1	CP010333.1	83.277	1184	195	3	2766373	2767555	4138225	4139406	0.0	1086
AL450380.1	CP010333.1	81.292	1347	240	6	457980	459316	3839572	3838228	0.0	1081
AL450380.1	CP010333.1	78.525	1681	331	26	2683256	2684926	638218	639878	0.0	1077
AL450380.1	CP010333.1	79.101	1579	306	18	1191820	1193385	3008057	3006490	0.0	1066
AL450380.1	CP010333.1	83.611	1141	181	5	2048040	2049176	3356706	3357844	0.0	1066
AL450380.1	CP010333.1	76.792	1995	389	40	2075926	2077900	3384777	3386717	0.0	1051
AL450380.1	CP010333.1	75.934	2169	451	42	1364666	1366799	1510003	1512135	0.0	1048
AL450380.1	CP010333.1	79.245	1590	256	41	456323	457885	3841228	3839686	0.0	1040
AL450380.1	CP010333.1	79.701	1473	265	26	524677	526136	2828255	2826804	0.0	1033
AL450380.1	CP010333.1	78.108	1649	348	11	925644	927285	3604443	3602801	0.0	1033
AL450380.1	CP010333.1	81.467	1241	224	6	2918058	2919295	578194	576957	0.0	1013
AL450380.1	CP010333.1	80.618	1326	238	16	2612046	2613359	912435	911117	0.0	1007
AL450380.1	CP010333.1	75.763	2129	445	56	94280	96369	4289054	4286958	0.0	1007
AL450380.1	CP010333.1	81.995	1183	205	7	965942	967120	3574509	3573331	0.0	998
AL450380.1	CP010333.1	79.148	1525	253	49	902893	904378	3631287	3629789	0.0	994
AL450380.1	CP010333.1	78.405	1630	279	45	1090793	1092373	2403223	2401618	0.0	992
AL450380.1	CP010333.1	81.178	1222	228	1	2915326	2916547	582014	580795	0.0	981
AL450380.1	CP010333.1	77.928	1622	321	25	2734780	2736383	4096925	4098527	0.0	977
AL450380.1	CP010333.1	83.972	1017	163	0	2188468	2189484	1680912	1679896	0.0	976
AL450380.1	CP010333.1	80.184	1307	254	5	1406376	1407681	2832153	2830851	0.0	974
AL450380.1	CP010333.1	81.718	1176	206	7	1561938	1563113	2378163	2376997	0.0	972
AL450380.1	CP010333.1	80.836	1268	218	15	735168	736433	2705326	2704082	0.0	972
AL450380.1	CP010333.1	82.000	1150	197	8	175443	176589	3294362	3293220	0.0	968
AL450380.1	CP010333.1	80.499	1323	207	24	3232678	3233980	60193	58902	0.0	966
AL450380.1	CP010333.1	81.510	1179	204	9	1243753	1244927	1375009	1376177	0.0	957
AL450380.1	CP010333.1	77.737	1617	318	24	1792963	1794565	1313702	1312114	0.0	953
AL450380.1	CP010333.1	85.449	914	133	0	2287605	2288518	739098	738185	0.0	952
AL450380.1	CP010333.1	81.590	1157	205	8	2612046	2613198	3473580	3474732	0.0	950
AL450380.1	CP010333.1	80.500	1241	235	7	1906992	1908229	3170363	3171599	0.0	944
AL450380.1	CP010333.1	86.390	867	112	5	1923256	1924122	3188984	3189844	0.0	942
AL450380.1	CP010333.1	82.732	1054	179	3	3177744	3178796	158268	157217	0.0	935
AL450380.1	CP010333.1	80.601	1232	221	8	1840481	1841707	3072418	3073636	0.0	935
AL450380.1	CP010333.1	80.964	1182	220	5	590691	591872	2907833	2906657	0.0	931
AL450380.1	CP010333.1	76.359	1747	395	16	2460781	2462518	2088252	2086515	0.0	922
AL450380.1	CP010333.1	80.960	1187	206	12	1908266	1909448	3171669	3172839	0.0	922
AL450380.1	CP010333.1	80.376	1223	232	4	102099	103314	4281585	4280364	0.0	922
AL450380.1	CP010333.1	75.623	1965	406	57	1531700	1533625	1830800	1832730	0.0	907
AL450380.1	CP010333.1	77.792	1531	300	31	1987241	1988760	2506446	2507947	0.0	907
AL450380.1	CP010333.1	79.745	1254	252	2	1016255	1017507	3081592	3080340	0.0	907
AL450380.1	CP010333.1	81.455	1127	187	13	648423	649538	1563929	1565044	0.0	904
AL450380.1	CP010333.1	80.226	1239	214	18	1666941	1668171	1845126	1846341	0.0	902
AL450380.1	CP010333.1	83.282	981	160	4	3126487	3127465	242739	243717	0.0	900
AL450380.1	CP010333.1	82.854	1009	167	5	1254651	1255656	1386422	1387427	0.0	900
AL450380.1	CP010333.1	81.216	1118	207	3	2619416	2620532	907927	906812	0.0	898
AL450380.1	CP010333.1	76.904	1641	342	31	2861388	2863014	1211091	1209474	0.0	896
AL450380.1	CP010333.1	81.492	1086	199	2	988446	989530	2616890	2615806	0.0	891
AL450380.1	CP010333.1	78.709	1348	271	13	3157393	3158732	175322	173983	0.0	885
AL450380.1	CP010333.1	82.198	1028	183	0	353007	354034	493330	492303	0.0	885
AL450380.1	CP010333.1	80.411	1169	222	7	1690904	1692069	1871646	1872810	0.0	883
AL450380.1	CP010333.1	81.784	1054	188	4	837706	838757	3692985	3691934	0.0	880
AL450380.1	CP010333.1	78.399	1412	252	41	717903	719291	1654764	1656145	0.0	869
AL450380.1	CP010333.1	82.335	1002	171	3	682754	683752	1605824	1606822	0.0	865
AL450380.1	CP010333.1	84.354	882	136	2	550189	551069	2925856	2926736	0.0	863
AL450380.1	CP010333.1	77.763	1457	285	31	1322127	1323576	1459666	1461090	0.0	859
AL450380.1	CP010333.1	80.295	1152	214	10	25452	26598	22036	23179	0.0	857
AL450380.1	CP010333.1	77.739	1442	290	22	1815090	1816506	1289951	1288516	0.0	856
AL450380.1	CP010333.1	81.599	1038	187	4	2087960	2088995	3395854	3396889	0.0	856
AL450380.1	CP010333.1	83.533	917	143	7	2599148	2600060	921920	921008	0.0	850
AL450380.1	CP010333.1	75.618	1739	405	17	1467577	1469307	1329037	1330764	0.0	845
AL450380.1	CP010333.1	83.189	922	153	2	2636014	2636934	887894	886974	0.0	843
AL450380.1	CP010333.1	75.186	1886	417	38	1071530	1073388	2426628	2424767	0.0	843
AL450380.1	CP010333.1	77.746	1411	288	21	1155782	1157188	3037749	3036361	0.0	843
AL450380.1	CP010333.1	77.747	1429	270	24	2818809	2820195	3243747	3242325	0.0	833
AL450380.1	CP010333.1	86.234	770	100	2	2290309	2291078	738102	737339	0.0	830
AL450380.1	CP010333.1	79.947	1132	221	6	1846953	1848082	3078085	3079212	0.0	828
AL450380.1	CP010333.1	82.353	952	160	7	1012142	1013089	3086175	3085228	0.0	821
AL450380.1	CP010333.1	79.043	1212	239	13	468141	469344	3817117	3815913	0.0	817
AL450380.1	CP010333.1	82.113	956	165	6	316988	317940	1134690	1135642	0.0	813
AL450380.1	CP010333.1	79.682	1132	226	4	1052117	1053246	2447022	2445893	0.0	813
AL450380.1	CP010333.1	79.285	1202	209	25	1039676	1040845	2460713	2459520	0.0	804
AL450380.1	CP010333.1	81.452	992	174	8	1190676	1191660	3009202	3008214	0.0	804
AL450380.1	CP010333.1	80.148	1078	210	4	2322209	2323284	1242703	1241628	0.0	802
AL450380.1	CP010333.1	77.373	1401	279	28	1047704	1049088	2452539	2451161	0.0	797
AL450380.1	CP010333.1	77.871	1306	273	14	167586	168886	3305186	3303892	0.0	797
AL450380.1	CP010333.1	77.956	1311	250	29	1953457	1954759	3222915	3224194	0.0	784
AL450380.1	CP010333.1	78.113	1261	254	15	309686	310929	1126836	1128091	0.0	780
AL450380.1	CP010333.1	74.944	1788	405	34	1978475	1980247	2503008	2504767	0.0	780
AL450380.1	CP010333.1	81.681	928	168	2	1627968	1628894	1939275	1940201	0.0	771
AL450380.1	CP010333.1	84.304	790	123	1	576338	577127	2924272	2923484	0.0	771
AL450380.1	CP010333.1	73.518	2243	500	70	1812089	1814283	1292887	1290691	0.0	765
AL450380.1	CP010333.1	83.153	831	138	2	716927	717756	1653850	1654679	0.0	758
AL450380.1	CP010333.1	81.991	894	159	2	1417759	1418651	1752733	1753625	0.0	758
AL450380.1	CP010333.1	82.319	871	151	1	2934083	2934953	561288	560421	0.0	752
AL450380.1	CP010333.1	80.450	977	191	0	2893797	2894773	607441	606465	0.0	747
AL450380.1	CP010333.1	76.586	1482	272	44	2617875	2619330	909438	908006	0.0	745
AL450380.1	CP010333.1	77.742	1249	255	22	1199246	1200484	2993246	2992011	0.0	745
AL450380.1	CP010333.1	84.375	768	109	10	2962437	2963198	460159	460921	0.0	743
AL450380.1	CP010333.1	79.695	1049	194	17	1543283	1544322	2396921	2395883	0.0	739
AL450380.1	CP010333.1	81.839	881	157	3	967189	968068	3573305	3572427	0.0	737
AL450380.1	CP010333.1	76.262	1407	320	12	1272360	1273759	1404609	1406008	0.0	736
AL450380.1	CP010333.1	75.580	1552	345	27	2036633	2038166	3343951	3345486	0.0	736
AL450380.1	CP010333.1	85.922	689	97	0	2726900	2727588	4088902	4089590	0.0	736
AL450380.1	CP010333.1	75.864	1533	314	30	1326952	1328446	1464326	1465840	0.0	730
AL450380.1	CP010333.1	80.742	971	157	13	709907	710850	1643218	1644185	0.0	730
AL450380.1	CP010333.1	78.725	1114	220	10	3080220	3081329	272941	271841	0.0	728
AL450380.1	CP010333.1	82.500	840	135	11	526168	527002	2820617	2819785	0.0	726
AL450380.1	CP010333.1	79.263	1085	188	22	3231430	3232507	61417	60363	0.0	723
AL450380.1	CP010333.1	80.201	995	166	16	592025	593014	2906553	2905585	0.0	717
AL450380.1	CP010333.1	82.512	812	140	2	152784	153594	4202767	4201957	0.0	712
AL450380.1	CP010333.1	84.225	729	115	0	2900127	2900855	598095	597367	0.0	710
AL450380.1	CP010333.1	83.421	760	111	7	1152924	1153671	3042862	3042106	0.0	691
AL450380.1	CP010333.1	75.410	1464	338	14	2176403	2177854	1696924	1695471	0.0	689
AL450380.1	CP010333.1	76.435	1307	287	17	171604	172901	3305186	3303892	0.0	688
AL450380.1	CP010333.1	78.439	1076	213	16	2418509	2419571	2139922	2138853	0.0	684
AL450380.1	CP010333.1	77.655	1177	223	21	109034	110178	4254242	4253074	0.0	680
AL450380.1	CP010333.1	74.385	1706	372	41	2922787	2924470	573124	571462	0.0	669
AL450380.1	CP010333.1	84.799	671	96	4	1046913	1047579	2453374	2452706	0.0	669
AL450380.1	CP010333.1	78.916	996	202	8	100904	101895	4282802	4281811	0.0	669
AL450380.1	CP010333.1	85.581	645	77	9	1882777	1883407	3137461	3138103	0.0	662
AL450380.1	CP010333.1	81.211	809	152	0	1045985	1046793	2454254	2453446	0.0	652
AL450380.1	CP010333.1	78.821	1001	184	9	279074	280071	4042895	4043870	0.0	649
AL450380.1	CP010333.1	78.615	982	206	4	1304111	1305090	1443736	1444715	0.0	647
AL450380.1	CP010333.1	76.723	1190	260	12	1544383	1545559	2395780	2394595	0.0	647
AL450380.1	CP010333.1	72.483	2155	534	45	2713420	2715551	4073703	4075821	3.00e-180	640
AL450380.1	CP010333.1	88.346	532	50	12	1602371	1602893	2962724	2962196	6.50e-177	628
AL450380.1	CP010333.1	81.210	777	145	1	2268186	2268962	773079	772304	8.40e-176	625
AL450380.1	CP010333.1	78.801	934	194	4	2020081	2021012	3324285	3325216	8.40e-176	625
AL450380.1	CP010333.1	81.723	766	118	14	2507001	2507764	1028471	1027726	3.91e-174	619
AL450380.1	CP010333.1	76.481	1182	250	22	2406095	2407271	2154203	2153045	1.41e-173	617
AL450380.1	CP010333.1	83.481	678	96	10	1971539	1972216	2495944	2496605	1.41e-173	617
AL450380.1	CP010333.1	80.443	813	149	5	2023289	2024101	3330221	3331023	6.54e-172	612
AL450380.1	CP010333.1	76.944	1093	240	11	964647	965732	3575684	3574597	6.54e-172	612
AL450380.1	CP010333.1	79.930	862	143	20	1174812	1175671	3023989	3023156	3.04e-170	606
AL450380.1	CP010333.1	81.856	722	127	4	1238386	1239105	1366738	1367457	1.09e-169	604
AL450380.1	CP010333.1	73.561	1755	391	57	2608135	2609848	915763	914041	3.94e-169	603
AL450380.1	CP010333.1	78.889	900	179	9	763488	764382	2640536	2639643	5.09e-168	599
AL450380.1	CP010333.1	90.487	452	37	4	808975	809425	3458031	3457585	8.52e-166	592
AL450380.1	CP010333.1	80.203	788	149	7	1259205	1259988	1391091	1391875	1.43e-163	584
AL450380.1	CP010333.1	71.855	2313	558	85	182296	184563	1884679	1886943	6.63e-162	579
AL450380.1	CP010333.1	82.753	661	102	10	1764248	1764899	2733790	2734447	6.63e-162	579
AL450380.1	CP010333.1	81.011	732	133	6	1628924	1629653	1940267	1940994	2.39e-161	577
AL450380.1	CP010333.1	78.972	856	171	9	121272	122123	2139701	2138851	8.58e-161	575
AL450380.1	CP010333.1	88.211	492	42	12	2594579	2595059	927390	926904	3.09e-160	573
AL450380.1	CP010333.1	79.273	825	167	4	1279133	1279955	1410639	1411461	3.09e-160	573
AL450380.1	CP010333.1	80.728	742	130	11	188509	189243	3281315	3280580	5.17e-158	566
AL450380.1	CP010333.1	78.090	890	191	3	1924848	1925735	3193163	3194050	2.40e-156	560
AL450380.1	CP010333.1	90.069	433	39	4	264671	265101	4061104	4060674	8.64e-156	558
AL450380.1	CP010333.1	77.648	944	191	15	2552018	2552956	971612	970684	3.11e-155	556
AL450380.1	CP010333.1	78.328	909	163	22	2133845	2134740	3421464	3422351	3.11e-155	556
AL450380.1	CP010333.1	77.874	922	178	17	2870651	2871570	1202595	1201698	5.20e-153	549
AL450380.1	CP010333.1	88.403	457	50	2	656779	657235	1571791	1572244	1.87e-152	547
AL450380.1	CP010333.1	81.268	678	121	6	859933	860606	3667439	3666764	2.42e-151	544
AL450380.1	CP010333.1	80.481	707	138	0	2446520	2447226	2108778	2108072	8.70e-151	542
AL450380.1	CP010333.1	77.802	901	182	12	32816	33704	41334	42228	3.13e-150	540
AL450380.1	CP010333.1	76.365	1062	211	27	2541428	2542476	983223	982189	1.46e-148	534
AL450380.1	CP010333.1	77.803	874	187	6	2877384	2878254	628362	627493	5.24e-148	532
AL450380.1	CP010333.1	80.618	712	117	16	1024133	1024828	2478409	2477703	1.88e-147	531
AL450380.1	CP010333.1	74.304	1401	275	56	2236090	2237463	810273	808931	1.90e-142	514
AL450380.1	CP010333.1	76.692	931	209	7	1464232	1465158	1326754	1327680	2.45e-141	510
AL450380.1	CP010333.1	82.245	597	98	7	2433029	2433621	2720196	2720788	8.83e-141	508
AL450380.1	CP010333.1	85.421	487	71	0	2429328	2429814	2129743	2129257	3.18e-140	507
AL450380.1	CP010333.1	84.449	508	79	0	299081	299588	4025352	4024845	1.48e-138	501
AL450380.1	CP010333.1	81.392	618	107	8	2302787	2303400	4007654	4008267	1.91e-137	497
AL450380.1	CP010333.1	80.848	637	114	6	2706835	2707468	659447	660078	2.47e-136	494
AL450380.1	CP010333.1	75.643	1088	211	40	1040882	1041945	2459522	2458465	8.89e-136	492
AL450380.1	CP010333.1	85.000	480	72	0	3230518	3230997	61894	61415	1.15e-134	488
AL450380.1	CP010333.1	84.694	490	74	1	281556	282045	4040245	4039757	1.15e-134	488
AL450380.1	CP010333.1	77.919	788	166	6	2539956	2540736	984608	983822	1.49e-133	484
AL450380.1	CP010333.1	81.395	602	104	5	675552	676149	1596511	1597108	1.49e-133	484
AL450380.1	CP010333.1	81.664	589	100	5	2948803	2949390	4172380	4171799	5.35e-133	483
AL450380.1	CP010333.1	81.150	626	92	16	326377	326998	1142859	1143462	6.92e-132	479
AL450380.1	CP010333.1	73.623	1380	307	35	1801472	1802831	1305012	1303670	6.92e-132	479
AL450380.1	CP010333.1	73.983	1303	277	40	1270944	1272227	1403232	1404491	1.16e-129	472
AL450380.1	CP010333.1	80.851	611	106	10	28128	28732	24910	25515	4.17e-129	470
AL450380.1	CP010333.1	83.172	517	76	5	1070943	1071457	2427151	2426644	6.97e-127	462
AL450380.1	CP010333.1	85.315	429	63	0	480115	480543	3807889	3807461	2.53e-121	444
AL450380.1	CP010333.1	79.148	657	117	18	1195002	1195656	3004768	3004130	4.23e-119	436
AL450380.1	CP010333.1	75.381	918	214	12	252769	253680	1119354	1120265	5.47e-118	433
AL450380.1	CP010333.1	80.351	570	108	4	320674	321242	1138572	1139138	7.07e-117	429
AL450380.1	CP010333.1	73.034	1424	301	62	957373	958765	3582997	3581626	9.15e-116	425
AL450380.1	CP010333.1	86.528	386	48	4	3234124	3234507	58813	58430	1.18e-114	422
AL450380.1	CP010333.1	79.248	612	114	10	2513970	2514579	1018596	1017996	1.98e-112	414
AL450380.1	CP010333.1	75.461	868	199	12	230918	231782	1091159	1090303	2.56e-111	411
AL450380.1	CP010333.1	84.186	430	61	5	590062	590485	2908474	2908046	2.56e-111	411
AL450380.1	CP010333.1	79.928	558	110	2	319966	320522	1137888	1138444	9.21e-111	409
AL450380.1	CP010333.1	80.292	548	98	7	1740916	1741458	2324880	2325422	1.19e-109	405
AL450380.1	CP010333.1	76.772	762	148	19	1372503	1373240	1517496	1518252	5.54e-108	399
AL450380.1	CP010333.1	80.524	534	92	10	420491	421020	2200228	2200753	5.54e-108	399
AL450380.1	CP010333.1	85.526	380	48	5	1733307	1733684	2305707	2306081	3.34e-105	390
AL450380.1	CP010333.1	81.301	492	80	11	475810	476297	3810933	3810450	1.20e-104	388
AL450380.1	CP010333.1	77.934	639	120	13	504807	505443	4033004	4032385	7.22e-102	379
AL450380.1	CP010333.1	76.761	710	140	18	382893	383594	502527	501835	3.36e-100	374
AL450380.1	CP010333.1	78.534	573	112	10	250809	251378	1117575	1118139	5.62e-98	366
AL450380.1	CP010333.1	82.028	434	74	4	836438	836869	3695702	3695271	5.62e-98	366
AL450380.1	CP010333.1	74.582	897	199	26	522227	523115	3751190	3750315	5.62e-98	366
AL450380.1	CP010333.1	77.467	608	127	7	2129655	2130254	76595	77200	1.22e-94	355
AL450380.1	CP010333.1	83.777	376	57	4	1013149	1013524	3085122	3084751	4.38e-94	353
AL450380.1	CP010333.1	76.657	664	139	13	157307	157962	4198276	4197621	4.38e-94	353
AL450380.1	CP010333.1	81.406	441	71	9	213173	213608	1060951	1061385	5.66e-93	350
AL450380.1	CP010333.1	82.532	395	67	2	977789	978183	2635906	2635514	7.33e-92	346
AL450380.1	CP010333.1	73.729	944	211	26	276733	277650	4040342	4041274	1.59e-88	335
AL450380.1	CP010333.1	82.474	388	60	4	836950	837333	3695265	3694882	5.70e-88	333
AL450380.1	CP010333.1	73.176	1014	235	31	2821746	2822742	3290753	3291746	2.05e-87	331
AL450380.1	CP010333.1	76.361	643	135	17	2503364	2503998	666705	666072	7.38e-87	329
AL450380.1	CP010333.1	76.630	629	125	18	2999595	3000218	384535	383924	2.65e-86	327
AL450380.1	CP010333.1	76.694	605	128	10	2842630	2843228	601842	601245	3.43e-85	324
AL450380.1	CP010333.1	76.694	605	128	10	2849032	2849630	601245	601842	3.43e-85	324
AL450380.1	CP010333.1	82.873	362	60	2	1437146	1437506	1786143	1786503	3.43e-85	324
AL450380.1	CP010333.1	74.324	814	182	21	2378462	2379262	105723	106522	4.44e-84	320
AL450380.1	CP010333.1	72.881	1003	233	26	1119383	1120364	1250560	1251544	9.61e-81	309
AL450380.1	CP010333.1	86.347	271	35	2	951790	952059	3588615	3588346	2.69e-76	294
AL450380.1	CP010333.1	86.957	253	33	0	2865040	2865292	1207526	1207274	1.62e-73	285
AL450380.1	CP010333.1	73.978	734	176	8	1582641	1583369	2352424	2351701	5.83e-73	283
AL450380.1	CP010333.1	73.427	858	183	34	740742	741574	2699434	2698597	7.54e-72	279
AL450380.1	CP010333.1	83.082	331	33	13	164901	165223	4189846	4189531	7.54e-72	279
AL450380.1	CP010333.1	87.500	240	30	0	1803639	1803878	1301423	1301184	2.71e-71	278
AL450380.1	CP010333.1	82.353	323	53	4	1189573	1189893	3014343	3014023	2.71e-71	278
AL450380.1	CP010333.1	75.671	559	119	13	209891	210445	1057129	1057674	7.59e-67	263
AL450380.1	CP010333.1	79.052	401	68	14	2659371	2659764	855498	855107	2.73e-66	261
AL450380.1	CP010333.1	94.083	169	10	0	1263602	1263770	1396133	1396301	3.53e-65	257
AL450380.1	CP010333.1	85.417	240	35	0	699949	700188	1625797	1626036	5.91e-63	250
AL450380.1	CP010333.1	87.558	217	25	2	2018886	2019101	3323301	3323516	5.91e-63	250
AL450380.1	CP010333.1	73.352	728	169	18	2986700	2987410	391999	391280	7.64e-62	246
AL450380.1	CP010333.1	83.846	260	33	7	2401035	2401291	2159854	2159601	1.28e-59	239
AL450380.1	CP010333.1	72.119	972	210	42	930894	931830	3598971	3598026	4.60e-59	237
AL450380.1	CP010333.1	73.588	708	145	31	2032525	2033213	3339984	3340668	5.95e-58	233
AL450380.1	CP010333.1	79.822	337	51	11	12159	12479	10850	11185	7.70e-57	230
AL450380.1	CP010333.1	80.690	290	54	2	2325702	2325990	1239520	1239232	3.58e-55	224
AL450380.1	CP010333.1	75.407	492	105	16	1214174	1214659	3091454	3091935	3.58e-55	224
AL450380.1	CP010333.1	78.249	354	62	13	2276747	2277093	762257	761912	7.75e-52	213
AL450380.1	CP010333.1	76.640	381	85	4	2375174	2375552	120748	120370	3.61e-50	207
AL450380.1	CP010333.1	89.286	168	13	5	2292890	2293054	735485	735320	1.30e-49	206
AL450380.1	CP010333.1	90.506	158	12	3	1535949	1536105	2399323	2399168	1.30e-49	206
AL450380.1	CP010333.1	71.995	807	190	25	885851	886651	3645356	3644580	1.30e-49	206
AL450380.1	CP010333.1	88.000	175	19	2	819670	819843	3719672	3719499	1.30e-49	206
AL450380.1	CP010333.1	77.353	340	71	6	485252	485588	3801942	3801606	7.81e-47	196
AL450380.1	CP010333.1	88.272	162	19	0	2326196	2326357	1239005	1238844	2.81e-46	195
AL450380.1	CP010333.1	74.777	448	104	5	2611037	2611477	913007	912562	1.01e-45	193
AL450380.1	CP010333.1	79.182	269	56	0	589646	589914	2908880	2908612	4.70e-44	187
AL450380.1	CP010333.1	91.304	138	9	3	780237	780372	3550288	3550152	1.69e-43	185
AL450380.1	CP010333.1	94.262	122	5	2	2736751	2736871	4098989	4099109	1.69e-43	185
AL450380.1	CP010333.1	90.071	141	11	2	28852	28992	25586	25723	7.86e-42	180
AL450380.1	CP010333.1	96.296	108	2	2	2769234	2769339	4140986	4141093	1.02e-40	176
AL450380.1	CP010333.1	77.455	275	62	0	1122426	1122700	1252727	1253001	2.20e-37	165
AL450380.1	CP010333.1	96.939	98	2	1	2989332	2989428	387742	387645	7.92e-37	163
AL450380.1	CP010333.1	95.146	103	5	0	1481445	1481547	2786890	2786788	7.92e-37	163
AL450380.1	CP010333.1	94.340	106	6	0	2769028	2769133	4140855	4140960	7.92e-37	163
AL450380.1	CP010333.1	89.062	128	13	1	990790	990917	2613958	2613832	3.68e-35	158
AL450380.1	CP010333.1	79.757	247	20	16	1675416	1675646	1854869	1855101	1.71e-33	152
AL450380.1	CP010333.1	88.889	117	9	4	2506564	2506678	1028734	1028620	3.71e-30	141
AL450380.1	CP010333.1	100.000	75	0	0	344340	344414	1181943	1182017	1.33e-29	139
AL450380.1	CP010333.1	100.000	75	0	0	1638366	1638440	1949495	1949569	1.33e-29	139
AL450380.1	CP010333.1	93.684	95	3	3	2135493	2135586	2576191	2576283	1.33e-29	139
AL450380.1	CP010333.1	92.784	97	6	1	2033267	2033362	3340672	3340768	1.33e-29	139
AL450380.1	CP010333.1	70.018	1094	255	45	2148795	2149848	2588687	2589747	1.73e-28	135
AL450380.1	CP010333.1	98.649	74	1	0	326133	326206	1142631	1142704	2.23e-27	132
AL450380.1	CP010333.1	72.749	422	101	12	174746	175160	1728311	1727897	8.03e-27	130
AL450380.1	CP010333.1	91.566	83	7	0	920905	920987	3612119	3612037	2.25e-22	115
AL450380.1	CP010333.1	82.171	129	20	1	3196808	3196936	140294	140169	3.76e-20	108
AL450380.1	CP010333.1	95.312	64	3	0	780315	780378	3543409	3543346	1.75e-18	102
AL450380.1	CP010333.1	84.466	103	16	0	865599	865701	3660859	3660757	1.75e-18	102
AL450380.1	CP010333.1	91.667	72	5	1	242821	242892	1103656	1103726	2.26e-17	99.0
AL450380.1	CP010333.1	77.108	166	32	4	3016264	3016426	3370419	3370581	3.79e-15	91.6
AL450380.1	CP010333.1	70.270	518	139	14	2118426	2118936	1532621	1533130	1.36e-14	89.8
AL450380.1	CP010333.1	93.220	59	2	2	1777814	1777871	1465216	1465159	1.76e-13	86.1
AL450380.1	CP010333.1	80.172	116	20	2	1814727	1814841	1290323	1290210	6.34e-13	84.2
AL450380.1	CP010333.1	97.826	46	1	0	1629703	1629748	2987420	2987465	8.20e-12	80.5
AL450380.1	CP010333.1	97.826	46	1	0	1629703	1629748	2987471	2987516	8.20e-12	80.5
AL450380.1	CP010333.1	94.231	52	1	2	1777823	1777873	798036	797986	2.95e-11	78.7
AL450380.1	CP010333.1	82.474	97	10	7	1316284	1316376	1028606	1028699	2.95e-11	78.7
AL450380.1	CP010333.1	92.308	52	4	0	1915421	1915472	963590	963641	3.82e-10	75.0
AL450380.1	CP010333.1	93.878	49	3	0	1164273	1164321	3182116	3182068	3.82e-10	75.0
AL450380.1	CP010333.1	95.556	45	2	0	1164269	1164313	963641	963597	1.37e-09	73.1
AL450380.1	CP010333.1	97.674	43	0	1	1194840	1194882	1652687	1652646	1.37e-09	73.1
AL450380.1	CP010333.1	97.674	43	0	1	1194840	1194882	1652740	1652699	1.37e-09	73.1
AL450380.1	CP010333.1	97.674	43	0	1	1194840	1194882	1652793	1652752	1.37e-09	73.1
AL450380.1	CP010333.1	97.674	43	0	1	1194840	1194882	1652846	1652805	1.37e-09	73.1
AL450380.1	CP010333.1	97.674	43	0	1	1194840	1194882	1652899	1652858	1.37e-09	73.1
AL450380.1	CP010333.1	97.561	41	1	0	1164273	1164313	963425	963385	4.94e-09	71.3
AL450380.1	CP010333.1	97.561	41	1	0	1164273	1164313	963478	963438	4.94e-09	71.3
AL450380.1	CP010333.1	97.561	41	1	0	1164273	1164313	963531	963491	4.94e-09	71.3
AL450380.1	CP010333.1	97.561	41	1	0	1164273	1164313	963584	963544	4.94e-09	71.3
AL450380.1	CP010333.1	97.561	41	1	0	1164273	1164313	2987418	2987458	4.94e-09	71.3
AL450380.1	CP010333.1	97.561	41	1	0	1164273	1164313	2987469	2987509	4.94e-09	71.3
AL450380.1	CP010333.1	82.353	85	11	4	139193	139275	4213192	4213110	4.94e-09	71.3
AL450380.1	CP010333.1	93.617	47	1	1	1629703	1629747	963423	963377	1.78e-08	69.4
AL450380.1	CP010333.1	91.837	49	4	0	1915421	1915469	963378	963426	1.78e-08	69.4
AL450380.1	CP010333.1	93.617	47	1	1	1629703	1629747	963476	963430	1.78e-08	69.4
AL450380.1	CP010333.1	91.837	49	4	0	1915421	1915469	963431	963479	1.78e-08	69.4
AL450380.1	CP010333.1	93.617	47	1	1	1629703	1629747	963529	963483	1.78e-08	69.4
AL450380.1	CP010333.1	91.837	49	4	0	1915421	1915469	963484	963532	1.78e-08	69.4
AL450380.1	CP010333.1	93.617	47	1	1	1629703	1629747	963582	963536	1.78e-08	69.4
AL450380.1	CP010333.1	91.837	49	4	0	1915421	1915469	963537	963585	1.78e-08	69.4
AL450380.1	CP010333.1	93.617	47	1	1	1629703	1629747	963635	963589	1.78e-08	69.4
AL450380.1	CP010333.1	92.000	50	3	1	1777823	1777871	1633341	1633390	1.78e-08	69.4
AL450380.1	CP010333.1	95.349	43	2	0	1915427	1915469	2987459	2987417	1.78e-08	69.4
AL450380.1	CP010333.1	95.349	43	2	0	1915427	1915469	2987510	2987468	1.78e-08	69.4
AL450380.1	CP010333.1	97.500	40	1	0	1629703	1629742	3182114	3182075	1.78e-08	69.4
AL450380.1	CP010333.1	85.075	67	9	1	1164260	1164326	3617469	3617404	6.39e-08	67.6
AL450380.1	CP010333.1	93.182	44	3	0	2884050	2884093	1633341	1633384	2.30e-07	65.8
AL450380.1	CP010333.1	95.122	41	2	0	1915427	1915467	1941025	1940985	2.30e-07	65.8
AL450380.1	CP010333.1	93.182	44	3	0	2884050	2884093	1947688	1947645	2.30e-07	65.8
AL450380.1	CP010333.1	89.796	49	5	0	1071459	1071507	2345948	2345996	8.26e-07	63.9
AL450380.1	CP010333.1	94.872	39	2	0	126616	126654	1633380	1633342	2.97e-06	62.1
AL450380.1	CP010333.1	91.111	45	4	0	1071463	1071507	2346009	2346053	2.97e-06	62.1
AL450380.1	CP010333.1	91.111	45	4	0	1071463	1071507	2346066	2346110	2.97e-06	62.1
AL450380.1	CP010333.1	91.111	45	4	0	1164269	1164313	2680996	2681040	2.97e-06	62.1
AL450380.1	CP010333.1	100.000	33	0	0	1258591	1258623	2765578	2765610	2.97e-06	62.1
AL450380.1	CP010333.1	97.143	35	1	0	2884059	2884093	798027	797993	1.07e-05	60.2
AL450380.1	CP010333.1	89.583	48	4	1	1164267	1164313	1832910	1832863	1.07e-05	60.2
AL450380.1	CP010333.1	92.683	41	3	0	1164273	1164313	2681054	2681094	1.07e-05	60.2
AL450380.1	CP010333.1	87.755	49	6	0	1071459	1071507	1459651	1459603	3.84e-05	58.4
AL450380.1	CP010333.1	97.059	34	1	0	1164273	1164306	2681108	2681141	3.84e-05	58.4
AL450380.1	CP010333.1	100.000	30	0	0	126616	126645	797997	798026	1.38e-04	56.5
AL450380.1	CP010333.1	100.000	30	0	0	126616	126645	804957	804986	1.38e-04	56.5
AL450380.1	CP010333.1	100.000	30	0	0	126616	126645	805011	805040	1.38e-04	56.5
AL450380.1	CP010333.1	100.000	30	0	0	2324436	2324465	1240740	1240711	1.38e-04	56.5
AL450380.1	CP010333.1	92.308	39	3	0	1071472	1071510	1459467	1459429	1.38e-04	56.5
AL450380.1	CP010333.1	94.444	36	2	0	1071472	1071507	1459524	1459489	1.38e-04	56.5
AL450380.1	CP010333.1	94.444	36	2	0	1071472	1071507	1459581	1459546	1.38e-04	56.5
AL450380.1	CP010333.1	94.444	36	2	0	2884058	2884093	2710374	2710409	1.38e-04	56.5
AL450380.1	CP010333.1	94.595	37	1	1	305910	305945	4018581	4018545	1.38e-04	56.5
AL450380.1	CP010333.1	100.000	29	0	0	126616	126644	2710405	2710377	4.97e-04	54.7
AL450380.1	CP010333.1	100.000	29	0	0	372412	372440	4237484	4237512	4.97e-04	54.7
AL450380.1	CP010333.1	100.000	28	0	0	1777833	1777860	804986	804959	0.002	52.8
AL450380.1	CP010333.1	100.000	28	0	0	1777833	1777860	805040	805013	0.002	52.8
AL450380.1	CP010333.1	100.000	28	0	0	126618	126645	1465171	1465198	0.002	52.8
AL450380.1	CP010333.1	96.774	31	1	0	2222848	2222878	2142434	2142404	0.002	52.8
AL450380.1	CP010333.1	100.000	28	0	0	1602376	1602403	2972350	2972323	0.002	52.8
AL450380.1	CP010333.1	100.000	28	0	0	1071480	1071507	3563379	3563406	0.002	52.8
