AL450380.1	CP013741.1	79.670	19159	3504	247	2793920	2812904	3220255	3201314	0.0	13441
AL450380.1	CP013741.1	86.359	7844	1025	39	2269270	2277093	769009	761191	0.0	8516
AL450380.1	CP013741.1	94.669	4990	189	41	1341143	1346097	1471546	1476493	0.0	7670
AL450380.1	CP013741.1	80.758	9282	1705	60	1396601	1405852	2806222	2796992	0.0	7171
AL450380.1	CP013741.1	81.368	8507	1469	89	180003	188453	3247195	3238749	0.0	6822
AL450380.1	CP013741.1	84.409	6414	929	43	194160	200535	3229819	3223439	0.0	6239
AL450380.1	CP013741.1	81.563	6579	1178	31	77465	84030	4304905	4298349	0.0	5397
AL450380.1	CP013741.1	79.593	7811	1359	149	2024662	2032371	3286668	3294344	0.0	5376
AL450380.1	CP013741.1	78.129	7439	1497	99	3016493	3023888	350831	343480	0.0	4604
AL450380.1	CP013741.1	81.093	5728	1035	35	1862215	1867909	2006727	2001015	0.0	4534
AL450380.1	CP013741.1	80.655	5893	1062	63	1959885	1965748	2461083	2466926	0.0	4495
AL450380.1	CP013741.1	79.358	5954	1105	74	266057	271975	4058090	4052226	0.0	4072
AL450380.1	CP013741.1	82.388	4582	770	29	480610	485172	3816388	3811825	0.0	3956
AL450380.1	CP013741.1	77.871	6521	1321	88	1502246	1508692	1777962	1784434	0.0	3936
AL450380.1	CP013741.1	79.417	5524	1024	83	2880041	2885521	621934	616481	0.0	3797
AL450380.1	CP013741.1	86.118	3436	459	14	1260024	1263447	1392261	1395690	0.0	3687
AL450380.1	CP013741.1	78.860	5563	1059	80	1767602	1773114	2703014	2708509	0.0	3650
AL450380.1	CP013741.1	81.314	4474	765	44	2064072	2068516	3334559	3338990	0.0	3565
AL450380.1	CP013741.1	85.668	3398	465	13	2569164	2572543	960593	957200	0.0	3557
AL450380.1	CP013741.1	82.407	4047	624	60	2093472	2097461	3358726	3362741	0.0	3448
AL450380.1	CP013741.1	77.504	5921	1179	97	1490879	1496727	2740519	2734680	0.0	3413
AL450380.1	CP013741.1	79.766	4784	896	46	720590	725327	1647087	1651844	0.0	3406
AL450380.1	CP013741.1	80.727	4431	764	57	2894834	2899216	605586	601198	0.0	3369
AL450380.1	CP013741.1	82.342	3902	646	29	678806	682691	1591953	1595827	0.0	3349
AL450380.1	CP013741.1	85.500	3207	452	12	921040	924240	3566750	3563551	0.0	3334
AL450380.1	CP013741.1	81.706	4034	687	38	1422548	1426548	1732767	1736782	0.0	3314
AL450380.1	CP013741.1	79.536	4657	842	70	384309	388931	500786	496207	0.0	3217
AL450380.1	CP013741.1	79.422	4602	885	47	3204935	3209499	130386	125810	0.0	3195
AL450380.1	CP013741.1	80.820	4072	729	42	1692183	1696223	1848396	1852446	0.0	3145
AL450380.1	CP013741.1	81.481	3796	691	11	1318301	1322090	1447747	1451536	0.0	3105
AL450380.1	CP013741.1	79.259	4532	852	68	301208	305702	4022222	4017742	0.0	3081
AL450380.1	CP013741.1	80.167	4180	761	48	2472769	2476916	2052184	2048041	0.0	3064
AL450380.1	CP013741.1	80.791	3946	720	32	126670	130593	4229680	4225751	0.0	3053
AL450380.1	CP013741.1	82.039	3619	589	39	657332	660932	1562806	1566381	0.0	3025
AL450380.1	CP013741.1	83.374	3290	503	34	2257091	2260372	786277	783024	0.0	3005
AL450380.1	CP013741.1	76.949	5440	1151	75	670034	675422	1581095	1586482	0.0	3003
AL450380.1	CP013741.1	81.826	3593	605	33	1556881	1560467	2359125	2355575	0.0	2974
AL450380.1	CP013741.1	79.302	4411	789	78	1019677	1024050	2458713	2454390	0.0	2974
AL450380.1	CP013741.1	87.233	2577	326	3	305974	308549	4017489	4014915	0.0	2933
AL450380.1	CP013741.1	80.426	3852	720	22	649623	653466	1555437	1559262	0.0	2905
AL450380.1	CP013741.1	83.243	3145	517	9	486306	489443	3804956	3801815	0.0	2880
AL450380.1	CP013741.1	78.084	4718	908	74	891911	896575	3595059	3590415	0.0	2868
AL450380.1	CP013741.1	83.280	3134	479	39	2083348	2086469	3349420	3352520	0.0	2843
AL450380.1	CP013741.1	81.259	3591	598	45	328050	331602	1141073	1144626	0.0	2833
AL450380.1	CP013741.1	85.462	2717	389	6	1996150	1998864	2491166	2493878	0.0	2824
AL450380.1	CP013741.1	81.447	3498	588	44	2750464	2753948	4119394	4122843	0.0	2808
AL450380.1	CP013741.1	84.212	2901	434	18	1668308	1671193	1822160	1825051	0.0	2798
AL450380.1	CP013741.1	79.415	4032	774	39	21105	25108	17680	21683	0.0	2796
AL450380.1	CP013741.1	77.763	4659	938	68	1055271	1059895	2419593	2414999	0.0	2774
AL450380.1	CP013741.1	81.397	3435	602	31	736633	740055	2668158	2664749	0.0	2769
AL450380.1	CP013741.1	78.453	4293	850	51	1248424	1252698	1380531	1384766	0.0	2734
AL450380.1	CP013741.1	78.312	4385	845	62	2813395	2817725	3200844	3196512	0.0	2732
AL450380.1	CP013741.1	78.446	4287	844	58	1445954	1450208	1772455	1776693	0.0	2724
AL450380.1	CP013741.1	77.123	4817	1003	70	1606100	1610871	1886004	1890766	0.0	2699
AL450380.1	CP013741.1	80.575	3516	625	37	2195047	2198536	1664396	1660913	0.0	2656
AL450380.1	CP013741.1	78.626	4089	768	76	866896	870919	3614437	3610390	0.0	2612
AL450380.1	CP013741.1	83.410	2827	448	11	1989140	1991961	2484143	2486953	0.0	2603
AL450380.1	CP013741.1	83.791	2733	398	23	1993404	1996128	2488391	2491086	0.0	2551
AL450380.1	CP013741.1	75.775	5325	1130	109	2282269	2287523	743671	738437	0.0	2540
AL450380.1	CP013741.1	77.796	4166	875	33	3065588	3069737	285180	281049	0.0	2523
AL450380.1	CP013741.1	80.977	3254	546	41	1335152	1338359	1464597	1467823	0.0	2512
AL450380.1	CP013741.1	84.523	2578	358	26	833874	836423	3694432	3691868	0.0	2512
AL450380.1	CP013741.1	80.332	3376	612	36	1782209	1785557	2720776	2724126	0.0	2508
AL450380.1	CP013741.1	78.666	3853	732	70	3150508	3154325	187634	183837	0.0	2479
AL450380.1	CP013741.1	85.338	2394	334	13	595576	597956	2867749	2865360	0.0	2460
AL450380.1	CP013741.1	80.187	3316	609	35	850393	853693	3636442	3633160	0.0	2440
AL450380.1	CP013741.1	80.187	3316	609	35	850393	853693	3657146	3653864	0.0	2440
AL450380.1	CP013741.1	80.187	3316	609	35	850393	853693	3677850	3674568	0.0	2440
AL450380.1	CP013741.1	82.574	2789	457	20	1579751	1582522	2331254	2328478	0.0	2431
AL450380.1	CP013741.1	82.734	2751	453	16	1043191	1045927	2432900	2430158	0.0	2429
AL450380.1	CP013741.1	78.285	3919	747	64	2900986	2904859	596391	592532	0.0	2427
AL450380.1	CP013741.1	82.482	2740	461	16	777157	779885	3508718	3505987	0.0	2383
AL450380.1	CP013741.1	77.537	4198	783	109	1583578	1587731	2327516	2323435	0.0	2381
AL450380.1	CP013741.1	78.911	3599	689	49	1629703	1633256	1916522	1920095	0.0	2377
AL450380.1	CP013741.1	80.223	3226	577	43	1687628	1690838	1844016	1847195	0.0	2366
AL450380.1	CP013741.1	81.452	2906	510	26	634601	637495	2814694	2811807	0.0	2353
AL450380.1	CP013741.1	82.821	2637	442	9	2963219	2965851	460597	463226	0.0	2350
AL450380.1	CP013741.1	77.187	4195	836	76	1081877	1086002	2387868	2383726	0.0	2333
AL450380.1	CP013741.1	77.452	4027	824	57	1851741	1855726	2021814	2017831	0.0	2329
AL450380.1	CP013741.1	82.883	2629	409	26	1879726	1882354	3091721	3094308	0.0	2324
AL450380.1	CP013741.1	78.338	3707	719	58	1438578	1442253	1763068	1766721	0.0	2320
AL450380.1	CP013741.1	80.622	3055	536	26	756773	759806	2613183	2610164	0.0	2311
AL450380.1	CP013741.1	79.052	3461	649	53	1087273	1090687	2382629	2379199	0.0	2305
AL450380.1	CP013741.1	81.014	2939	520	24	2052000	2054919	3316367	3319286	0.0	2302
AL450380.1	CP013741.1	78.337	3619	738	37	1680982	1684580	1837092	1840684	0.0	2298
AL450380.1	CP013741.1	80.359	3060	573	21	694879	697930	1611290	1614329	0.0	2296
AL450380.1	CP013741.1	82.436	2693	412	43	130762	133422	4225630	4222967	0.0	2296
AL450380.1	CP013741.1	76.147	4578	958	98	1432240	1436760	1756928	1761428	0.0	2281
AL450380.1	CP013741.1	83.695	2441	373	19	2332605	2335026	1231661	1229227	0.0	2279
AL450380.1	CP013741.1	85.789	2111	293	6	293584	295693	4029753	4027649	0.0	2230
AL450380.1	CP013741.1	85.120	2164	320	2	1661599	1663761	1815457	1817619	0.0	2211
AL450380.1	CP013741.1	79.357	3236	594	50	622155	625365	2834013	2830827	0.0	2207
AL450380.1	CP013741.1	82.646	2547	372	32	1013562	1016063	3039424	3036903	0.0	2191
AL450380.1	CP013741.1	87.095	1945	239	10	124589	126530	4231656	4229721	0.0	2191
AL450380.1	CP013741.1	80.246	2921	528	35	645416	648321	1551421	1554307	0.0	2152
AL450380.1	CP013741.1	77.474	3658	776	40	1954851	1958481	3181285	3184921	0.0	2146
AL450380.1	CP013741.1	83.658	2307	334	28	2241936	2244235	804124	801854	0.0	2132
AL450380.1	CP013741.1	81.187	2679	475	19	2219427	2222090	829187	826523	0.0	2128
AL450380.1	CP013741.1	81.660	2579	446	13	796051	798625	3454093	3451538	0.0	2117
AL450380.1	CP013741.1	81.541	2595	450	24	323458	326044	1137621	1140194	0.0	2111
AL450380.1	CP013741.1	80.952	2688	482	17	1822935	1825605	3011041	3013715	0.0	2100
AL450380.1	CP013741.1	84.933	2084	301	10	2524131	2526211	1008685	1006612	0.0	2097
AL450380.1	CP013741.1	78.671	3235	626	47	2698909	2702116	652693	655890	0.0	2093
AL450380.1	CP013741.1	80.686	2739	491	25	1652684	1655407	1811944	1814659	0.0	2093
AL450380.1	CP013741.1	79.993	2859	537	31	2790911	2793754	3223262	3220424	0.0	2078
AL450380.1	CP013741.1	76.698	3888	800	73	282427	286279	4037878	4034062	0.0	2063
AL450380.1	CP013741.1	81.120	2590	475	11	1797623	1800205	1308474	1305892	0.0	2061
AL450380.1	CP013741.1	82.091	2429	420	10	2732172	2734591	4092856	4095278	0.0	2061
AL450380.1	CP013741.1	76.734	3834	795	67	1617823	1621624	1896081	1899849	0.0	2049
AL450380.1	CP013741.1	78.833	3085	602	37	36177	39235	43388	46447	0.0	2032
AL450380.1	CP013741.1	79.865	2816	538	25	2463429	2466237	2061937	2059144	0.0	2032
AL450380.1	CP013741.1	80.578	2698	457	48	2228981	2231655	817371	814718	0.0	2017
AL450380.1	CP013741.1	81.082	2569	432	36	377391	379938	511464	508929	0.0	2002
AL450380.1	CP013741.1	80.377	2655	493	22	1648266	1650915	1811781	1809150	0.0	1991
AL450380.1	CP013741.1	85.692	1894	262	8	1568186	1570074	2349458	2347569	0.0	1988
AL450380.1	CP013741.1	82.423	2270	393	6	2626951	2629217	900147	897881	0.0	1977
AL450380.1	CP013741.1	77.565	3392	682	59	17544	20901	14155	17501	0.0	1975
AL450380.1	CP013741.1	79.444	2841	539	35	1595445	1598268	2937204	2934392	0.0	1969
AL450380.1	CP013741.1	79.451	2842	534	40	117903	120728	4238387	4235580	0.0	1967
AL450380.1	CP013741.1	80.112	2685	485	34	2467353	2470010	2057758	2055096	0.0	1954
AL450380.1	CP013741.1	79.831	2727	506	31	153685	156396	4197832	4195135	0.0	1949
AL450380.1	CP013741.1	80.964	2532	418	41	149361	151875	4206516	4204032	0.0	1947
AL450380.1	CP013741.1	75.311	4342	920	99	1355252	1359535	1489849	1494096	0.0	1940
AL450380.1	CP013741.1	77.144	3509	693	58	3258285	3261776	4360945	4364361	0.0	1936
AL450380.1	CP013741.1	87.567	1673	203	5	405419	407089	529654	531323	0.0	1932
AL450380.1	CP013741.1	78.614	2988	578	44	2721992	2724944	4082283	4085244	0.0	1921
AL450380.1	CP013741.1	80.075	2650	474	41	2090606	2093230	3355885	3358505	0.0	1919
AL450380.1	CP013741.1	78.235	3138	569	62	874664	877757	3606708	3603641	0.0	1906
AL450380.1	CP013741.1	81.619	2323	398	27	3210654	3212962	72304	74611	0.0	1897
AL450380.1	CP013741.1	77.091	3431	694	64	217158	220545	1062770	1066151	0.0	1897
AL450380.1	CP013741.1	79.392	2761	516	44	1127692	1130438	1262044	1264765	0.0	1897
AL450380.1	CP013741.1	82.100	2257	364	27	1779773	1782003	2716448	2718690	0.0	1893
AL450380.1	CP013741.1	79.196	2836	503	57	1228779	1231550	1354181	1356993	0.0	1888
AL450380.1	CP013741.1	77.799	3144	630	51	760085	763200	2608094	2604991	0.0	1877
AL450380.1	CP013741.1	78.155	2948	612	25	1482866	1485791	2749324	2746387	0.0	1847
AL450380.1	CP013741.1	74.601	4449	1011	97	3096293	3100688	202637	207019	0.0	1845
AL450380.1	CP013741.1	85.066	1808	268	2	2971663	2973469	422856	421050	0.0	1842
AL450380.1	CP013741.1	79.827	2548	497	15	1761570	1764109	2695387	2697925	0.0	1842
AL450380.1	CP013741.1	81.006	2385	392	40	1183481	1185836	2971015	2968663	0.0	1838
AL450380.1	CP013741.1	81.696	2240	376	21	2177913	2180132	1684512	1682287	0.0	1834
AL450380.1	CP013741.1	80.659	2399	435	23	312281	314669	1127597	1129976	0.0	1832
AL450380.1	CP013741.1	77.914	3020	605	49	3129374	3132366	245240	248224	0.0	1825
AL450380.1	CP013741.1	82.434	2095	358	9	240531	242620	1098950	1101039	0.0	1821
AL450380.1	CP013741.1	80.997	2326	408	25	2369803	2372105	2146082	2143768	0.0	1816
AL450380.1	CP013741.1	77.822	3048	595	56	551271	554268	2894397	2897413	0.0	1808
AL450380.1	CP013741.1	80.137	2477	442	33	872006	874471	3609236	3606799	0.0	1803
AL450380.1	CP013741.1	78.918	2699	524	28	1328493	1331154	1457998	1460688	0.0	1790
AL450380.1	CP013741.1	79.123	2644	507	33	900144	902780	3588670	3586065	0.0	1783
AL450380.1	CP013741.1	78.843	2732	509	45	1079000	1081698	2390705	2388010	0.0	1779
AL450380.1	CP013741.1	79.146	2623	510	23	631372	633981	2817737	2815139	0.0	1779
AL450380.1	CP013741.1	83.376	1931	305	9	3055145	3057062	294088	292161	0.0	1773
AL450380.1	CP013741.1	77.837	2996	571	57	2756737	2759677	4125717	4128674	0.0	1768
AL450380.1	CP013741.1	82.632	2044	295	33	2293048	2295078	734566	732570	0.0	1753
AL450380.1	CP013741.1	76.873	3243	659	66	2535352	2538531	988061	984847	0.0	1749
AL450380.1	CP013741.1	82.072	2075	338	17	473127	475173	3822155	3820087	0.0	1740
AL450380.1	CP013741.1	81.373	2142	377	11	888796	890917	3598202	3596063	0.0	1725
AL450380.1	CP013741.1	83.046	1911	296	15	462957	464855	3836801	3834907	0.0	1709
AL450380.1	CP013741.1	80.298	2279	419	24	2059832	2062100	3330315	3332573	0.0	1694
AL450380.1	CP013741.1	77.825	2823	562	49	1745795	1748599	2674302	2677078	0.0	1687
AL450380.1	CP013741.1	81.646	2054	355	20	2620676	2622717	905712	903669	0.0	1685
AL450380.1	CP013741.1	79.658	2399	438	28	904662	907051	3584261	3581904	0.0	1681
AL450380.1	CP013741.1	80.833	2160	399	7	2729177	2731336	4089717	4091861	0.0	1681
AL450380.1	CP013741.1	78.038	2773	526	61	2198712	2201451	1660791	1658069	0.0	1670
AL450380.1	CP013741.1	77.709	2889	536	77	1886295	1889131	3100027	3102859	0.0	1668
AL450380.1	CP013741.1	84.002	1744	271	7	2044356	2046095	3308693	3310432	0.0	1668
AL450380.1	CP013741.1	80.070	2288	412	30	2336689	2338938	1228315	1226034	0.0	1659
AL450380.1	CP013741.1	77.221	2994	577	70	2191853	2194819	1667402	1664487	0.0	1653
AL450380.1	CP013741.1	83.877	1749	266	13	1489114	1490850	2742337	2740593	0.0	1653
AL450380.1	CP013741.1	80.558	2186	389	24	581225	583404	2882911	2880756	0.0	1650
AL450380.1	CP013741.1	81.195	2058	373	13	2055790	2057840	3320124	3322174	0.0	1644
AL450380.1	CP013741.1	86.680	1494	186	7	2344282	2345766	3856921	3858410	0.0	1644
AL450380.1	CP013741.1	77.154	2867	630	20	1006018	1008870	2570084	2567229	0.0	1642
AL450380.1	CP013741.1	78.537	2516	520	17	2624343	2626846	903372	900865	0.0	1637
AL450380.1	CP013741.1	78.842	2538	454	46	2183220	2185741	1676752	1674282	0.0	1635
AL450380.1	CP013741.1	78.698	2535	481	39	1871052	1873573	3048905	3051393	0.0	1635
AL450380.1	CP013741.1	74.811	3839	850	91	2014833	2018632	3275045	3278805	0.0	1624
AL450380.1	CP013741.1	79.685	2284	435	27	1368584	1370853	1504151	1506419	0.0	1620
AL450380.1	CP013741.1	82.372	1889	307	22	1201198	1203073	2946743	2944868	0.0	1620
AL450380.1	CP013741.1	78.512	2527	502	32	136582	139088	4218388	4215883	0.0	1620
AL450380.1	CP013741.1	76.585	3028	661	36	3249903	3252894	4352590	4355605	0.0	1620
AL450380.1	CP013741.1	83.174	1777	290	3	606828	608595	2855328	2853552	0.0	1616
AL450380.1	CP013741.1	80.625	2111	392	16	805893	807994	3418938	3416836	0.0	1616
AL450380.1	CP013741.1	84.091	1672	264	2	2559315	2560985	962337	960667	0.0	1613
AL450380.1	CP013741.1	79.465	2279	457	8	676267	678543	1588305	1590574	0.0	1605
AL450380.1	CP013741.1	84.465	1635	239	9	2231735	2233363	814557	812932	0.0	1598
AL450380.1	CP013741.1	78.090	2565	531	23	3090748	3093300	197072	199617	0.0	1594
AL450380.1	CP013741.1	81.101	2016	356	21	361298	363308	435973	437968	0.0	1589
AL450380.1	CP013741.1	84.420	1611	237	10	1094206	1095814	2459169	2460767	0.0	1572
AL450380.1	CP013741.1	76.131	3138	652	64	843181	846280	3642581	3639503	0.0	1555
AL450380.1	CP013741.1	76.131	3138	652	64	843181	846280	3663285	3660207	0.0	1555
AL450380.1	CP013741.1	76.131	3138	652	64	843181	846280	3683989	3680911	0.0	1555
AL450380.1	CP013741.1	85.753	1474	204	4	913631	915101	3575168	3573698	0.0	1554
AL450380.1	CP013741.1	84.470	1584	235	6	1573902	1575474	2345603	2344020	0.0	1552
AL450380.1	CP013741.1	82.049	1855	298	27	2754521	2756357	4122976	4124813	0.0	1548
AL450380.1	CP013741.1	76.616	2878	630	33	296127	298993	4027306	4024461	0.0	1546
AL450380.1	CP013741.1	77.100	2786	565	55	465201	467962	3833105	3830369	0.0	1543
AL450380.1	CP013741.1	79.914	2091	414	6	8966	11053	7687	9774	0.0	1530
AL450380.1	CP013741.1	77.655	2627	512	57	2185766	2188367	1674291	1671715	0.0	1530
AL450380.1	CP013741.1	78.212	2506	465	64	1147168	1149634	3006306	3003843	0.0	1528
AL450380.1	CP013741.1	78.529	2352	480	20	3123491	3125834	239205	241539	0.0	1522
AL450380.1	CP013741.1	84.017	1608	221	19	2238692	2240298	807535	805963	0.0	1513
AL450380.1	CP013741.1	76.945	2776	566	56	821224	823978	3714114	3711392	0.0	1513
AL450380.1	CP013741.1	84.930	1493	223	2	1145633	1147124	3007882	3006391	0.0	1509
AL450380.1	CP013741.1	81.938	1816	296	24	3240712	3242519	51797	50006	0.0	1507
AL450380.1	CP013741.1	81.935	1788	311	10	3135264	3137045	252005	253786	0.0	1502
AL450380.1	CP013741.1	83.510	1607	265	0	916684	918290	3572150	3570544	0.0	1500
AL450380.1	CP013741.1	78.256	2442	448	49	1164305	1166728	2986570	2984194	0.0	1491
AL450380.1	CP013741.1	78.340	2373	465	33	214251	216609	1060355	1062692	0.0	1489
AL450380.1	CP013741.1	77.632	2508	520	26	2157660	2160149	2500961	2503445	0.0	1485
AL450380.1	CP013741.1	76.462	2855	600	55	1064324	1067130	2409471	2406641	0.0	1483
AL450380.1	CP013741.1	87.578	1288	149	9	2255787	2257066	787703	786419	0.0	1482
AL450380.1	CP013741.1	83.130	1636	256	13	1765392	1767011	2700735	2702366	0.0	1474
AL450380.1	CP013741.1	83.436	1618	233	16	2240346	2241931	805860	804246	0.0	1471
AL450380.1	CP013741.1	82.139	1730	294	11	714231	715958	1640746	1642462	0.0	1469
AL450380.1	CP013741.1	81.100	1836	345	2	1074025	1075859	2399840	2398006	0.0	1467
AL450380.1	CP013741.1	80.797	1906	338	18	115359	117248	4240876	4238983	0.0	1467
AL450380.1	CP013741.1	79.211	2155	401	34	2908897	2911029	588621	586492	0.0	1454
AL450380.1	CP013741.1	77.303	2529	535	37	2602581	2605090	917255	914747	0.0	1454
AL450380.1	CP013741.1	81.488	1788	314	10	1575477	1577254	2343974	2342194	0.0	1452
AL450380.1	CP013741.1	83.396	1608	222	28	2345835	2347431	3858548	3860121	0.0	1448
AL450380.1	CP013741.1	82.266	1686	287	9	1316547	1318226	1446068	1447747	0.0	1447
AL450380.1	CP013741.1	76.758	2702	559	53	1912789	1915470	3136581	3139233	0.0	1447
AL450380.1	CP013741.1	76.776	2661	571	29	189340	191969	3234837	3232193	0.0	1447
AL450380.1	CP013741.1	79.751	2005	392	14	314922	316919	1130154	1132151	0.0	1441
AL450380.1	CP013741.1	75.658	3040	652	54	1974014	1977033	2473363	2476334	0.0	1434
AL450380.1	CP013741.1	77.128	2584	516	50	177280	179830	3249744	3247203	0.0	1428
AL450380.1	CP013741.1	76.612	2698	564	49	2517774	2520442	1012050	1009391	0.0	1424
AL450380.1	CP013741.1	79.041	2147	392	33	1675739	1677865	1830703	1832811	0.0	1419
AL450380.1	CP013741.1	76.323	2796	578	66	952103	954859	3543071	3540321	0.0	1419
AL450380.1	CP013741.1	82.560	1617	266	8	491021	492635	3798679	3797077	0.0	1410
AL450380.1	CP013741.1	78.009	2260	462	25	817139	819387	3718206	3715971	0.0	1387
AL450380.1	CP013741.1	78.239	2192	451	22	2106677	2108858	3370804	3372979	0.0	1382
AL450380.1	CP013741.1	80.971	1771	310	24	2863213	2864965	1208760	1206999	0.0	1378
AL450380.1	CP013741.1	77.582	2382	466	41	158041	160402	4193497	4191164	0.0	1378
AL450380.1	CP013741.1	76.039	2863	567	75	1076137	1078986	2393508	2390752	0.0	1376
AL450380.1	CP013741.1	79.040	2042	386	24	2544124	2546151	977928	975915	0.0	1362
AL450380.1	CP013741.1	83.750	1440	232	2	1519721	1521159	1794617	1796055	0.0	1362
AL450380.1	CP013741.1	82.353	1581	266	11	1965985	1967559	2467177	2468750	0.0	1362
AL450380.1	CP013741.1	81.329	1671	302	8	211160	212827	1057150	1058813	0.0	1349
AL450380.1	CP013741.1	79.439	1960	362	24	1945488	1947440	2542184	2540259	0.0	1349
AL450380.1	CP013741.1	78.565	2104	410	28	769145	771238	3516730	3514658	0.0	1349
AL450380.1	CP013741.1	80.963	1723	311	15	918425	920140	3570406	3568694	0.0	1349
AL450380.1	CP013741.1	80.611	1769	322	16	192013	193769	3232121	3230362	0.0	1347
AL450380.1	CP013741.1	76.870	2447	520	40	3093542	3095965	199898	202321	0.0	1341
AL450380.1	CP013741.1	82.022	1602	262	12	2969311	2970897	425268	423678	0.0	1339
AL450380.1	CP013741.1	77.626	2266	461	36	257225	259460	1120715	1122964	0.0	1334
AL450380.1	CP013741.1	78.982	1965	402	8	2373616	2375575	100924	102882	0.0	1330
AL450380.1	CP013741.1	78.059	2133	449	11	528604	530729	2782370	2780250	0.0	1328
AL450380.1	CP013741.1	83.894	1397	217	7	2982752	2984145	404520	403129	0.0	1327
AL450380.1	CP013741.1	77.863	2227	420	47	960433	962623	3534607	3532418	0.0	1314
AL450380.1	CP013741.1	80.434	1753	316	14	1427794	1429525	1750661	1752407	0.0	1312
AL450380.1	CP013741.1	82.832	1462	244	5	2452172	2453630	2078444	2076987	0.0	1303
AL450380.1	CP013741.1	75.600	2750	606	54	1726004	1728727	2271125	2273835	0.0	1301
AL450380.1	CP013741.1	76.821	2347	520	23	1726392	1728731	2277597	2279926	0.0	1299
AL450380.1	CP013741.1	81.093	1629	300	7	1410867	1412491	1722116	1723740	0.0	1295
AL450380.1	CP013741.1	79.010	1920	382	14	1294673	1296584	1425991	1427897	0.0	1293
AL450380.1	CP013741.1	80.822	1679	291	25	113631	115292	4242555	4240891	0.0	1288
AL450380.1	CP013741.1	83.513	1389	216	8	1323771	1325154	1453336	1454716	0.0	1284
AL450380.1	CP013741.1	81.112	1636	274	28	3033678	3035295	324601	322983	0.0	1277
AL450380.1	CP013741.1	78.964	1911	374	22	2762495	2764395	4131578	4133470	0.0	1277
AL450380.1	CP013741.1	83.075	1418	218	15	1061569	1062975	2413339	2411933	0.0	1269
AL450380.1	CP013741.1	81.611	1539	278	4	2741815	2743349	4109159	4110696	0.0	1269
AL450380.1	CP013741.1	79.275	1848	356	23	625680	627518	2830554	2828725	0.0	1266
AL450380.1	CP013741.1	82.962	1438	205	20	2291152	2292565	736602	735181	0.0	1262
AL450380.1	CP013741.1	76.471	2414	515	41	1551555	1553957	2364100	2361729	0.0	1262
AL450380.1	CP013741.1	79.739	1762	335	17	1024995	1026745	2453385	2451635	0.0	1256
AL450380.1	CP013741.1	80.967	1613	274	20	978644	980232	2599368	2597765	0.0	1247
AL450380.1	CP013741.1	80.265	1662	318	9	2143417	2145073	2559030	2560686	0.0	1243
AL450380.1	CP013741.1	77.421	2148	443	30	2000922	2003055	3186907	3189026	0.0	1242
AL450380.1	CP013741.1	79.087	1841	345	20	147454	149289	4208456	4206651	0.0	1230
AL450380.1	CP013741.1	79.545	1760	326	21	627723	629476	2821299	2819568	0.0	1225
AL450380.1	CP013741.1	87.812	1042	125	2	1189187	1190227	2966177	2965137	0.0	1219
AL450380.1	CP013741.1	84.066	1274	189	13	1992028	1993294	2486987	2488253	0.0	1216
AL450380.1	CP013741.1	82.365	1429	223	19	1193448	1194858	2961839	2960422	0.0	1216
AL450380.1	CP013741.1	77.123	2155	457	31	2946631	2948761	4170439	4168297	0.0	1216
AL450380.1	CP013741.1	77.424	2073	445	19	1759304	1761366	2693031	2695090	0.0	1214
AL450380.1	CP013741.1	78.515	1885	378	23	1053276	1055146	2421570	2419699	0.0	1212
AL450380.1	CP013741.1	80.745	1584	279	18	1027299	1028879	2451586	2450026	0.0	1212
AL450380.1	CP013741.1	79.270	1780	333	24	2079775	2081544	3345912	3347665	0.0	1210
AL450380.1	CP013741.1	78.643	1901	347	38	1935020	1936889	3158790	3160662	0.0	1206
AL450380.1	CP013741.1	77.345	2132	411	50	619744	621845	2837441	2835352	0.0	1195
AL450380.1	CP013741.1	79.640	1665	314	18	2677084	2678733	3885876	3887530	0.0	1173
AL450380.1	CP013741.1	79.963	1612	304	19	2348313	2349914	3861698	3863300	0.0	1170
AL450380.1	CP013741.1	79.051	1771	321	33	2764436	2766196	4133475	4135205	0.0	1170
AL450380.1	CP013741.1	81.500	1427	256	8	2448371	2449792	2086344	2084921	0.0	1166
AL450380.1	CP013741.1	81.799	1412	233	16	803507	804914	3421443	3420052	0.0	1162
AL450380.1	CP013741.1	78.303	1839	371	21	1545773	1547593	2370292	2368464	0.0	1160
AL450380.1	CP013741.1	85.976	1091	143	9	2277254	2278340	754290	753206	0.0	1158
AL450380.1	CP013741.1	74.049	3048	692	72	2383350	2386367	110079	113057	0.0	1155
AL450380.1	CP013741.1	82.579	1303	227	0	2531635	2532937	1002859	1001557	0.0	1149
AL450380.1	CP013741.1	82.877	1279	214	4	2340156	2341431	1224907	1223631	0.0	1144
AL450380.1	CP013741.1	80.432	1528	272	23	58	1564	1	1522	0.0	1140
AL450380.1	CP013741.1	81.123	1425	267	2	1554201	1555624	2363152	2361729	0.0	1140
AL450380.1	CP013741.1	80.261	1535	280	17	1803981	1805496	1300649	1299119	0.0	1134
AL450380.1	CP013741.1	79.235	1647	325	14	2305188	2306827	4010773	4012409	0.0	1131
AL450380.1	CP013741.1	78.266	1776	370	13	946533	948302	3043397	3041632	0.0	1127
AL450380.1	CP013741.1	81.471	1387	243	10	3072678	3074057	279344	277965	0.0	1125
AL450380.1	CP013741.1	79.609	1584	310	9	2647368	2648941	875008	873428	0.0	1123
AL450380.1	CP013741.1	76.938	2025	429	28	2920659	2922674	574869	572874	0.0	1118
AL450380.1	CP013741.1	81.524	1391	226	17	1325474	1326861	1454876	1456238	0.0	1116
AL450380.1	CP013741.1	80.722	1468	254	22	915128	916585	3573617	3572169	0.0	1116
AL450380.1	CP013741.1	84.802	1112	166	3	492725	493834	50006	51116	0.0	1114
AL450380.1	CP013741.1	81.832	1343	223	15	2160246	2161576	2503741	2505074	0.0	1109
AL450380.1	CP013741.1	73.532	3151	735	73	3107515	3110621	214286	217381	0.0	1107
AL450380.1	CP013741.1	83.611	1202	171	15	2280436	2281618	750929	749735	0.0	1105
AL450380.1	CP013741.1	79.338	1631	287	30	2905089	2906708	592416	590825	0.0	1099
AL450380.1	CP013741.1	81.375	1353	237	8	588091	589432	2875181	2873833	0.0	1088
AL450380.1	CP013741.1	81.366	1347	239	6	457980	459316	3841272	3839928	0.0	1086
AL450380.1	CP013741.1	83.277	1184	195	3	2766373	2767555	4135314	4136495	0.0	1086
AL450380.1	CP013741.1	78.584	1681	331	25	2683256	2684926	637491	639152	0.0	1083
AL450380.1	CP013741.1	79.227	1579	305	17	1191820	1193385	2963516	2961948	0.0	1077
AL450380.1	CP013741.1	83.450	1142	182	5	2048040	2049176	3312231	3313370	0.0	1055
AL450380.1	CP013741.1	76.792	1995	389	40	2075926	2077900	3342691	3344631	0.0	1051
AL450380.1	CP013741.1	75.934	2169	451	42	1364666	1366799	1500394	1502526	0.0	1048
AL450380.1	CP013741.1	79.245	1590	257	43	456323	457885	3842929	3841386	0.0	1040
AL450380.1	CP013741.1	78.108	1649	348	11	925644	927285	3559179	3557537	0.0	1033
AL450380.1	CP013741.1	79.633	1473	266	26	524677	526136	2792436	2790985	0.0	1027
AL450380.1	CP013741.1	75.810	2129	445	55	94280	96369	4284995	4282898	0.0	1014
AL450380.1	CP013741.1	81.386	1241	225	6	2918058	2919295	577808	576571	0.0	1007
AL450380.1	CP013741.1	80.618	1326	238	16	2612046	2613359	911394	910076	0.0	1007
AL450380.1	CP013741.1	81.995	1183	205	7	965942	967120	3529243	3528065	0.0	998
AL450380.1	CP013741.1	79.148	1525	253	49	902893	904378	3586028	3584530	0.0	994
AL450380.1	CP013741.1	78.405	1630	279	45	1090793	1092373	2379056	2377451	0.0	992
AL450380.1	CP013741.1	77.928	1622	321	25	2734780	2736383	4095386	4096988	0.0	977
AL450380.1	CP013741.1	81.097	1222	229	1	2915326	2916547	581628	580409	0.0	976
AL450380.1	CP013741.1	83.972	1017	163	0	2188468	2189484	1670649	1669633	0.0	976
AL450380.1	CP013741.1	80.184	1307	254	5	1406376	1407681	2796337	2795035	0.0	974
AL450380.1	CP013741.1	81.718	1176	206	7	1561938	1563113	2354081	2352915	0.0	972
AL450380.1	CP013741.1	82.000	1150	197	8	175443	176589	3251461	3250319	0.0	968
AL450380.1	CP013741.1	80.499	1323	207	24	3232678	3233980	59856	58565	0.0	966
AL450380.1	CP013741.1	80.757	1268	219	14	735168	736433	2669559	2668315	0.0	966
AL450380.1	CP013741.1	81.510	1179	204	9	1243753	1244927	1374683	1375851	0.0	957
AL450380.1	CP013741.1	77.737	1617	318	24	1792963	1794565	1313366	1311778	0.0	953
AL450380.1	CP013741.1	85.339	914	134	0	2287605	2288518	738376	737463	0.0	946
AL450380.1	CP013741.1	86.390	867	112	5	1923256	1924122	3146205	3147065	0.0	942
AL450380.1	CP013741.1	80.419	1241	236	7	1906992	1908229	3127535	3128771	0.0	939
AL450380.1	CP013741.1	82.732	1054	179	3	3177744	3178796	157895	156844	0.0	935
AL450380.1	CP013741.1	76.474	1747	393	16	2460781	2462518	2067585	2065848	0.0	933
AL450380.1	CP013741.1	80.964	1182	220	5	590691	591872	2872671	2871495	0.0	931
AL450380.1	CP013741.1	80.519	1232	222	8	1840481	1841707	3027663	3028881	0.0	929
AL450380.1	CP013741.1	80.960	1187	206	12	1908266	1909448	3128841	3130011	0.0	922
AL450380.1	CP013741.1	80.376	1223	232	4	102099	103314	4277523	4276302	0.0	922
AL450380.1	CP013741.1	81.544	1127	186	13	648423	649538	1554317	1555432	0.0	909
AL450380.1	CP013741.1	75.623	1965	406	57	1531700	1533625	1806462	1808392	0.0	907
AL450380.1	CP013741.1	77.792	1531	300	31	1987241	1988760	2482311	2483812	0.0	907
AL450380.1	CP013741.1	79.761	1255	250	4	1016255	1017507	3036834	3035582	0.0	907
AL450380.1	CP013741.1	80.226	1239	214	18	1666941	1668171	1820789	1822004	0.0	902
AL450380.1	CP013741.1	83.282	981	160	4	3126487	3127465	242376	243354	0.0	900
AL450380.1	CP013741.1	82.854	1009	168	4	1254651	1255656	1386100	1387106	0.0	900
AL450380.1	CP013741.1	81.216	1118	207	3	2619416	2620532	906884	905769	0.0	898
AL450380.1	CP013741.1	76.904	1641	342	31	2861388	2863014	1210538	1208921	0.0	896
AL450380.1	CP013741.1	81.492	1086	199	2	988446	989530	2592631	2591547	0.0	891
AL450380.1	CP013741.1	78.709	1348	271	13	3157393	3158732	174954	173615	0.0	885
AL450380.1	CP013741.1	82.198	1028	183	0	353007	354034	492937	491910	0.0	885
AL450380.1	CP013741.1	80.411	1169	223	6	1690904	1692069	1847206	1848371	0.0	885
AL450380.1	CP013741.1	81.784	1054	188	4	837706	838757	3647620	3646569	0.0	880
AL450380.1	CP013741.1	81.784	1054	188	4	837706	838757	3668324	3667273	0.0	880
AL450380.1	CP013741.1	81.784	1054	188	4	837706	838757	3689028	3687977	0.0	880
AL450380.1	CP013741.1	78.399	1412	252	41	717903	719291	1644488	1645869	0.0	869
AL450380.1	CP013741.1	82.335	1002	171	3	682754	683752	1595854	1596852	0.0	865
AL450380.1	CP013741.1	84.354	882	136	2	550189	551069	2890686	2891566	0.0	863
AL450380.1	CP013741.1	77.763	1457	285	31	1322127	1323576	1451726	1453150	0.0	859
AL450380.1	CP013741.1	80.295	1152	214	10	25452	26598	22036	23179	0.0	857
AL450380.1	CP013741.1	77.739	1442	290	22	1815090	1816506	1289552	1288117	0.0	856
AL450380.1	CP013741.1	81.599	1038	187	4	2087960	2088995	3353768	3354803	0.0	856
AL450380.1	CP013741.1	83.424	917	144	7	2599148	2600060	920878	919966	0.0	845
AL450380.1	CP013741.1	75.618	1739	405	17	1467577	1469307	1328701	1330428	0.0	845
AL450380.1	CP013741.1	83.189	922	153	2	2636014	2636934	886846	885926	0.0	843
AL450380.1	CP013741.1	75.186	1886	417	38	1071530	1073388	2402371	2400510	0.0	843
AL450380.1	CP013741.1	77.746	1411	288	21	1155782	1157188	2993210	2991822	0.0	843
AL450380.1	CP013741.1	77.817	1429	269	22	2818809	2820195	3200839	3199417	0.0	839
AL450380.1	CP013741.1	79.947	1132	221	6	1846953	1848082	3033330	3034457	0.0	828
AL450380.1	CP013741.1	86.104	770	101	2	2290309	2291078	737380	736617	0.0	824
AL450380.1	CP013741.1	82.353	952	160	7	1012142	1013089	3041417	3040470	0.0	821
AL450380.1	CP013741.1	82.218	956	164	6	316988	317940	1132265	1133217	0.0	819
AL450380.1	CP013741.1	79.043	1212	239	13	468141	469344	3826162	3824958	0.0	817
AL450380.1	CP013741.1	79.682	1132	226	4	1052117	1053246	2422765	2421636	0.0	813
AL450380.1	CP013741.1	79.368	1202	208	25	1039676	1040845	2436570	2435377	0.0	809
AL450380.1	CP013741.1	80.241	1078	209	4	2322209	2323284	1242369	1241294	0.0	808
AL450380.1	CP013741.1	81.452	992	174	8	1190676	1191660	2964661	2963673	0.0	804
AL450380.1	CP013741.1	77.948	1306	272	14	167586	168886	3262288	3260994	0.0	802
AL450380.1	CP013741.1	77.373	1401	279	28	1047704	1049088	2428282	2426904	0.0	797
AL450380.1	CP013741.1	75.369	1827	358	55	1040882	1042654	2435379	2433591	0.0	797
AL450380.1	CP013741.1	85.471	764	102	7	1915427	1916182	3139296	3140058	0.0	787
AL450380.1	CP013741.1	77.956	1311	250	29	1953457	1954759	3179979	3181258	0.0	784
AL450380.1	CP013741.1	78.113	1261	254	15	309686	310929	1124411	1125666	0.0	780
AL450380.1	CP013741.1	74.944	1788	405	34	1978475	1980247	2478873	2480632	0.0	780
AL450380.1	CP013741.1	81.681	928	168	2	1627968	1628894	1914810	1915736	0.0	771
AL450380.1	CP013741.1	84.304	790	123	1	576338	577127	2889102	2888314	0.0	771
AL450380.1	CP013741.1	73.518	2243	500	70	1812089	1814283	1292488	1290292	0.0	765
AL450380.1	CP013741.1	82.434	871	150	1	2934083	2934953	560902	560035	0.0	758
AL450380.1	CP013741.1	83.153	831	138	2	716927	717756	1643574	1644403	0.0	758
AL450380.1	CP013741.1	81.991	894	159	2	1417759	1418651	1728384	1729276	0.0	758
AL450380.1	CP013741.1	76.669	1483	270	45	2617875	2619330	908396	906963	0.0	752
AL450380.1	CP013741.1	77.822	1249	254	22	1199246	1200484	2948649	2947414	0.0	750
AL450380.1	CP013741.1	84.375	768	109	10	2962437	2963198	459759	460521	0.0	743
AL450380.1	CP013741.1	80.348	977	192	0	2893797	2894773	606662	605686	0.0	741
AL450380.1	CP013741.1	81.839	881	158	2	967189	968068	3528039	3527160	0.0	739
AL450380.1	CP013741.1	76.262	1407	320	12	1272360	1273759	1404294	1405693	0.0	736
AL450380.1	CP013741.1	79.619	1050	194	17	1543283	1544322	2372853	2371814	0.0	736
AL450380.1	CP013741.1	75.580	1552	346	26	2036633	2038166	3299475	3301011	0.0	736
AL450380.1	CP013741.1	78.815	1114	219	10	3080220	3081329	272581	271481	0.0	734
AL450380.1	CP013741.1	80.742	971	157	13	709907	710850	1633184	1634151	0.0	730
AL450380.1	CP013741.1	85.776	689	98	0	2726900	2727588	4087423	4088111	0.0	730
AL450380.1	CP013741.1	82.479	839	138	9	526168	527002	2784798	2783965	0.0	726
AL450380.1	CP013741.1	75.799	1533	316	29	1326952	1328446	1456386	1457901	0.0	725
AL450380.1	CP013741.1	79.263	1085	188	22	3231430	3232507	61080	60026	0.0	723
AL450380.1	CP013741.1	80.201	995	166	16	592025	593014	2871391	2870423	0.0	717
AL450380.1	CP013741.1	84.362	729	114	0	2900127	2900855	597313	596585	0.0	715
AL450380.1	CP013741.1	82.389	812	142	1	152784	153594	4198686	4197875	0.0	706
AL450380.1	CP013741.1	76.511	1307	286	17	171604	172901	3262288	3260994	0.0	693
AL450380.1	CP013741.1	83.421	760	111	7	1152924	1153671	2998323	2997567	0.0	691
AL450380.1	CP013741.1	75.410	1464	338	14	2176403	2177854	1686662	1685209	0.0	689
AL450380.1	CP013741.1	77.740	1177	222	21	109034	110178	4250179	4249011	0.0	686
AL450380.1	CP013741.1	78.439	1076	213	16	2418509	2419571	2119244	2118175	0.0	684
AL450380.1	CP013741.1	74.385	1706	372	41	2922787	2924470	572738	571076	0.0	669
AL450380.1	CP013741.1	84.799	671	96	4	1046913	1047579	2429118	2428450	0.0	669
AL450380.1	CP013741.1	78.916	996	202	8	100904	101895	4278741	4277750	0.0	669
AL450380.1	CP013741.1	72.660	2147	536	41	2713420	2715551	4072232	4074342	0.0	665
AL450380.1	CP013741.1	85.581	645	77	9	1882777	1883407	3094683	3095325	0.0	662
AL450380.1	CP013741.1	80.000	905	164	15	2932030	2932927	562884	561990	0.0	652
AL450380.1	CP013741.1	81.211	809	152	0	1045985	1046793	2429998	2429190	0.0	652
AL450380.1	CP013741.1	78.821	1001	184	9	279074	280071	4041411	4042386	0.0	649
AL450380.1	CP013741.1	78.615	982	206	4	1304111	1305090	1435949	1436928	0.0	647
AL450380.1	CP013741.1	76.723	1190	260	12	1544383	1545559	2371711	2370526	0.0	647
AL450380.1	CP013741.1	78.801	934	194	4	2020081	2021012	3280033	3280964	8.40e-176	625
AL450380.1	CP013741.1	76.565	1182	249	22	2406095	2407271	2133526	2132368	3.02e-175	623
AL450380.1	CP013741.1	81.081	777	146	1	2268186	2268962	772240	771465	3.91e-174	619
AL450380.1	CP013741.1	81.723	766	118	14	2507001	2507764	1027280	1026535	3.91e-174	619
AL450380.1	CP013741.1	88.235	527	50	12	1602376	1602893	2927599	2927076	3.91e-174	619
AL450380.1	CP013741.1	83.481	678	96	10	1971539	1972216	2471807	2472468	1.41e-173	617
AL450380.1	CP013741.1	78.274	1008	186	14	2023094	2024101	3285573	3286547	1.41e-173	617
AL450380.1	CP013741.1	76.853	1093	241	11	964647	965732	3530418	3529331	3.04e-170	606
AL450380.1	CP013741.1	81.856	722	127	4	1238386	1239105	1366409	1367128	1.09e-169	604
AL450380.1	CP013741.1	73.561	1755	391	57	2608135	2609848	914722	913000	3.94e-169	603
AL450380.1	CP013741.1	78.889	900	180	8	763488	764382	2604759	2603865	1.42e-168	601
AL450380.1	CP013741.1	79.814	862	144	20	1174812	1175671	2979448	2978615	1.42e-168	601
AL450380.1	CP013741.1	90.487	452	37	4	808975	809425	3415952	3415506	8.52e-166	592
AL450380.1	CP013741.1	80.203	788	149	7	1259205	1259988	1390776	1391560	1.43e-163	584
AL450380.1	CP013741.1	82.753	661	102	10	1764248	1764899	2698029	2698686	6.64e-162	579
AL450380.1	CP013741.1	81.011	732	134	5	1628924	1629653	1915802	1916530	2.39e-161	577
AL450380.1	CP013741.1	78.427	890	188	3	1924848	1925735	3150385	3151272	2.39e-161	577
AL450380.1	CP013741.1	88.211	492	42	12	2594579	2595059	926348	925862	3.09e-160	573
AL450380.1	CP013741.1	79.273	825	167	4	1279133	1279955	1407318	1408140	3.09e-160	573
AL450380.1	CP013741.1	78.855	856	172	9	121272	122123	2119023	2118173	3.99e-159	569
AL450380.1	CP013741.1	71.768	2313	557	88	182296	184563	1860271	1862532	5.17e-158	566
AL450380.1	CP013741.1	80.728	742	130	11	188509	189243	3238412	3237677	5.17e-158	566
AL450380.1	CP013741.1	90.300	433	38	4	264671	265101	4059621	4059191	1.86e-157	564
AL450380.1	CP013741.1	77.648	944	191	15	2552018	2552956	970388	969460	3.11e-155	556
AL450380.1	CP013741.1	78.328	909	163	22	2133845	2134740	3379379	3380266	3.11e-155	556
AL450380.1	CP013741.1	88.403	457	50	2	656779	657235	1562181	1562634	1.87e-152	547
AL450380.1	CP013741.1	77.766	922	179	17	2870651	2871570	1200054	1199157	2.42e-151	544
AL450380.1	CP013741.1	81.268	678	121	6	859933	860606	3622187	3621512	2.42e-151	544
AL450380.1	CP013741.1	80.481	707	138	0	2446520	2447226	2088107	2087401	8.71e-151	542
AL450380.1	CP013741.1	77.802	901	182	12	32816	33704	40997	41891	3.13e-150	540
AL450380.1	CP013741.1	77.803	874	188	5	2877384	2878254	627617	626747	1.46e-148	534
AL450380.1	CP013741.1	76.365	1062	211	27	2541428	2542476	982005	980971	1.46e-148	534
AL450380.1	CP013741.1	80.618	712	117	16	1024133	1024828	2454268	2453562	1.88e-147	531
AL450380.1	CP013741.1	76.799	931	208	7	1464232	1465158	1326418	1327344	5.28e-143	516
AL450380.1	CP013741.1	74.233	1401	276	56	2236090	2237463	809443	808101	8.83e-141	508
AL450380.1	CP013741.1	82.245	597	98	7	2433029	2433621	2684433	2685025	8.83e-141	508
AL450380.1	CP013741.1	85.421	487	71	0	2429328	2429814	2109063	2108577	3.18e-140	507
AL450380.1	CP013741.1	84.449	508	79	0	299081	299588	4024310	4023803	1.48e-138	501
AL450380.1	CP013741.1	81.392	618	107	8	2302787	2303400	4006606	4007219	1.91e-137	497
AL450380.1	CP013741.1	80.848	637	114	6	2706835	2707468	658723	659354	2.47e-136	494
AL450380.1	CP013741.1	78.046	788	165	6	2539956	2540736	983390	982604	3.20e-135	490
AL450380.1	CP013741.1	85.000	480	72	0	3230518	3230997	61557	61078	1.15e-134	488
AL450380.1	CP013741.1	84.694	490	74	1	281556	282045	4038761	4038273	1.15e-134	488
AL450380.1	CP013741.1	81.395	602	104	5	675552	676149	1586540	1587137	1.49e-133	484
AL450380.1	CP013741.1	81.664	589	100	5	2948803	2949390	4168293	4167712	5.35e-133	483
AL450380.1	CP013741.1	81.150	626	92	16	326377	326998	1140429	1141032	6.92e-132	479
AL450380.1	CP013741.1	73.623	1380	307	35	1801472	1802831	1304614	1303272	6.92e-132	479
AL450380.1	CP013741.1	73.983	1303	277	40	1270944	1272227	1402917	1404176	1.16e-129	472
AL450380.1	CP013741.1	80.851	611	106	10	28128	28732	24910	25515	4.17e-129	470
AL450380.1	CP013741.1	83.172	517	76	5	1070943	1071457	2402894	2402387	6.97e-127	462
AL450380.1	CP013741.1	85.315	429	63	0	480115	480543	3816934	3816506	2.53e-121	444
AL450380.1	CP013741.1	78.348	702	138	13	2933129	2933823	562050	562744	9.08e-121	442
AL450380.1	CP013741.1	75.490	918	213	12	252769	253680	1116927	1117838	1.17e-119	438
AL450380.1	CP013741.1	77.808	730	142	17	2769234	2769951	4138075	4138796	5.47e-118	433
AL450380.1	CP013741.1	78.995	657	119	17	1195002	1195656	2960226	2959587	1.97e-117	431
AL450380.1	CP013741.1	80.351	570	108	4	320674	321242	1136147	1136713	7.07e-117	429
AL450380.1	CP013741.1	73.034	1424	301	62	957373	958765	3537733	3536362	9.15e-116	425
AL450380.1	CP013741.1	86.528	386	48	4	3234124	3234507	58476	58093	1.18e-114	422
AL450380.1	CP013741.1	79.248	612	114	10	2513970	2514579	1017404	1016804	1.98e-112	414
AL450380.1	CP013741.1	75.461	868	199	12	230918	231782	1088611	1087755	2.56e-111	411
AL450380.1	CP013741.1	84.186	430	61	5	590062	590485	2873313	2872885	2.56e-111	411
AL450380.1	CP013741.1	79.928	558	110	2	319966	320522	1135463	1136019	9.21e-111	409
AL450380.1	CP013741.1	77.732	723	124	23	1732977	1733684	2284187	2284887	9.21e-111	409
AL450380.1	CP013741.1	80.292	548	98	7	1740916	1741458	2303688	2304230	1.19e-109	405
AL450380.1	CP013741.1	76.772	762	148	19	1372503	1373240	1507887	1508643	5.54e-108	399
AL450380.1	CP013741.1	80.524	534	92	10	420491	421020	2179041	2179566	5.54e-108	399
AL450380.1	CP013741.1	81.301	492	80	11	475810	476297	3819978	3819495	1.20e-104	388
AL450380.1	CP013741.1	77.934	639	120	13	504807	505443	4031518	4030899	7.22e-102	379
AL450380.1	CP013741.1	76.761	710	140	18	382893	383594	502134	501442	3.36e-100	374
AL450380.1	CP013741.1	78.709	573	111	10	250809	251378	1115148	1115712	1.21e-99	372
AL450380.1	CP013741.1	74.693	897	198	26	522227	523115	3760043	3759168	1.21e-99	372
AL450380.1	CP013741.1	82.028	434	74	4	836438	836869	3650337	3649906	5.62e-98	366
AL450380.1	CP013741.1	82.028	434	74	4	836438	836869	3671041	3670610	5.62e-98	366
AL450380.1	CP013741.1	82.028	434	74	4	836438	836869	3691745	3691314	5.62e-98	366
AL450380.1	CP013741.1	77.597	616	128	7	2129655	2130262	76261	76874	2.02e-97	364
AL450380.1	CP013741.1	83.777	376	57	4	1013149	1013524	3040364	3039993	4.38e-94	353
AL450380.1	CP013741.1	76.657	664	139	13	157307	157962	4194194	4193539	4.38e-94	353
AL450380.1	CP013741.1	81.406	441	71	9	213173	213608	1059760	1060194	5.66e-93	350
AL450380.1	CP013741.1	82.532	395	67	2	977789	978183	2600128	2599736	7.33e-92	346
AL450380.1	CP013741.1	73.729	944	211	26	276733	277650	4038858	4039790	1.59e-88	335
AL450380.1	CP013741.1	82.474	388	60	4	836950	837333	3649900	3649517	5.70e-88	333
AL450380.1	CP013741.1	82.474	388	60	4	836950	837333	3670604	3670221	5.70e-88	333
AL450380.1	CP013741.1	82.474	388	60	4	836950	837333	3691308	3690925	5.70e-88	333
AL450380.1	CP013741.1	76.361	643	135	17	2503364	2503998	665982	665349	7.38e-87	329
AL450380.1	CP013741.1	73.077	1014	236	31	2821746	2822742	3247852	3248845	9.54e-86	326
AL450380.1	CP013741.1	76.694	605	128	10	2842630	2843228	601061	600464	3.43e-85	324
AL450380.1	CP013741.1	76.694	605	128	10	2849032	2849630	600464	601061	3.43e-85	324
AL450380.1	CP013741.1	82.873	362	60	2	1437146	1437506	1761801	1762161	3.43e-85	324
AL450380.1	CP013741.1	76.471	629	126	18	2999595	3000218	384347	383736	1.23e-84	322
AL450380.1	CP013741.1	74.170	813	185	20	2378462	2379262	105365	106164	2.07e-82	315
AL450380.1	CP013741.1	72.981	1003	232	26	1119383	1120364	1250227	1251211	2.07e-82	315
AL450380.1	CP013741.1	86.347	271	35	2	951790	952059	3543351	3543082	2.69e-76	294
AL450380.1	CP013741.1	86.957	253	33	0	2865040	2865292	1206973	1206721	1.62e-73	285
AL450380.1	CP013741.1	73.978	734	176	8	1582641	1583369	2328383	2327660	5.83e-73	283
AL450380.1	CP013741.1	73.458	859	181	36	740742	741574	2663667	2662830	7.54e-72	279
AL450380.1	CP013741.1	83.082	331	33	13	164901	165223	4185762	4185447	7.54e-72	279
AL450380.1	CP013741.1	87.500	240	30	0	1803639	1803878	1301024	1300785	2.71e-71	278
AL450380.1	CP013741.1	82.353	323	53	4	1189573	1189893	2969802	2969482	2.71e-71	278
AL450380.1	CP013741.1	79.302	401	67	14	2659371	2659764	853096	852705	5.87e-68	267
AL450380.1	CP013741.1	75.671	559	119	13	209891	210445	1055937	1056482	7.59e-67	263
AL450380.1	CP013741.1	93.491	169	11	0	1263602	1263770	1395818	1395986	1.64e-63	252
AL450380.1	CP013741.1	85.417	240	35	0	699949	700188	1615829	1616068	5.91e-63	250
AL450380.1	CP013741.1	87.558	217	25	2	2018886	2019101	3279049	3279264	5.91e-63	250
AL450380.1	CP013741.1	73.352	728	169	18	2986700	2987410	391813	391094	7.64e-62	246
AL450380.1	CP013741.1	72.194	971	211	40	930894	931830	3553707	3552762	9.89e-61	243
AL450380.1	CP013741.1	83.846	260	33	7	2401035	2401291	2139147	2138894	1.28e-59	239
AL450380.1	CP013741.1	73.588	708	145	31	2032525	2033213	3295508	3296192	5.95e-58	233
AL450380.1	CP013741.1	79.822	337	51	11	12159	12479	10852	11187	7.70e-57	230
AL450380.1	CP013741.1	80.690	290	54	2	2325702	2325990	1239186	1238898	3.58e-55	224
AL450380.1	CP013741.1	75.407	492	105	16	1214174	1214659	3046696	3047177	3.58e-55	224
AL450380.1	CP013741.1	91.139	158	11	3	1535949	1536105	2375156	2375001	2.79e-51	211
AL450380.1	CP013741.1	76.640	381	85	4	2375174	2375552	120390	120012	3.61e-50	207
AL450380.1	CP013741.1	89.286	168	13	5	2292890	2293054	734763	734598	1.30e-49	206
AL450380.1	CP013741.1	71.995	807	190	25	885851	886651	3600098	3599322	1.30e-49	206
AL450380.1	CP013741.1	88.000	175	19	2	819670	819843	3715721	3715548	1.30e-49	206
AL450380.1	CP013741.1	77.353	340	71	6	485252	485588	3810984	3810648	7.81e-47	196
AL450380.1	CP013741.1	88.272	162	19	0	2326196	2326357	1238671	1238510	2.81e-46	195
AL450380.1	CP013741.1	74.777	448	104	5	2611037	2611477	911966	911521	1.01e-45	193
AL450380.1	CP013741.1	79.182	269	56	0	589646	589914	2873719	2873451	4.70e-44	187
AL450380.1	CP013741.1	91.304	138	9	3	780237	780372	3505017	3504881	1.69e-43	185
AL450380.1	CP013741.1	94.262	122	5	2	2736751	2736871	4097450	4097570	1.69e-43	185
AL450380.1	CP013741.1	90.071	141	11	2	28852	28992	25586	25723	7.86e-42	180
AL450380.1	CP013741.1	77.455	275	62	0	1122426	1122700	1252394	1252668	2.20e-37	165
AL450380.1	CP013741.1	96.939	98	2	1	2989332	2989428	387555	387458	7.92e-37	163
AL450380.1	CP013741.1	95.146	103	5	0	1481445	1481547	2751131	2751029	7.92e-37	163
AL450380.1	CP013741.1	94.340	106	6	0	2769028	2769133	4137944	4138049	7.92e-37	163
AL450380.1	CP013741.1	89.062	128	13	1	990790	990917	2589699	2589573	3.68e-35	158
AL450380.1	CP013741.1	79.757	247	20	16	1675416	1675646	1830419	1830651	1.71e-33	152
AL450380.1	CP013741.1	88.889	117	9	4	2506564	2506678	1027543	1027429	3.71e-30	141
AL450380.1	CP013741.1	100.000	75	0	0	344340	344414	1179521	1179595	1.33e-29	139
AL450380.1	CP013741.1	100.000	75	0	0	1638366	1638440	1925030	1925104	1.33e-29	139
AL450380.1	CP013741.1	93.684	95	3	3	2135493	2135586	2551928	2552020	1.33e-29	139
AL450380.1	CP013741.1	92.784	97	6	1	2033267	2033362	3296196	3296292	1.33e-29	139
AL450380.1	CP013741.1	72.986	422	100	12	174746	175160	1703958	1703544	1.73e-28	135
AL450380.1	CP013741.1	70.018	1094	255	45	2148795	2149848	2564424	2565484	1.73e-28	135
AL450380.1	CP013741.1	98.649	74	1	0	326133	326206	1140201	1140274	2.23e-27	132
AL450380.1	CP013741.1	91.566	83	7	0	920905	920987	3566855	3566773	2.25e-22	115
AL450380.1	CP013741.1	82.171	129	20	1	3196808	3196936	139946	139821	3.76e-20	108
AL450380.1	CP013741.1	95.312	64	3	0	780315	780378	3499499	3499436	1.75e-18	102
AL450380.1	CP013741.1	84.466	103	16	0	865599	865701	3615604	3615502	1.75e-18	102
AL450380.1	CP013741.1	91.667	72	5	1	242821	242892	1101225	1101295	2.27e-17	99.0
AL450380.1	CP013741.1	77.108	166	32	4	3016264	3016426	3328333	3328495	3.79e-15	91.6
AL450380.1	CP013741.1	70.270	518	139	14	2118426	2118936	1523016	1523525	1.36e-14	89.8
AL450380.1	CP013741.1	93.220	59	2	2	1777814	1777871	1457276	1457219	1.76e-13	86.1
AL450380.1	CP013741.1	80.172	116	20	2	1814727	1814841	1289924	1289811	6.34e-13	84.2
AL450380.1	CP013741.1	97.826	46	1	0	1629703	1629748	2942670	2942715	8.20e-12	80.5
AL450380.1	CP013741.1	97.826	46	1	0	1629703	1629748	2942721	2942766	8.20e-12	80.5
AL450380.1	CP013741.1	97.826	46	1	0	1629703	1629748	2942772	2942817	8.20e-12	80.5
AL450380.1	CP013741.1	97.826	46	1	0	1629703	1629748	2942823	2942868	8.20e-12	80.5
AL450380.1	CP013741.1	97.826	46	1	0	1629703	1629748	2942874	2942919	8.20e-12	80.5
AL450380.1	CP013741.1	94.231	52	1	2	1777823	1777873	797205	797155	2.95e-11	78.7
AL450380.1	CP013741.1	82.474	97	10	7	1316284	1316376	1027415	1027508	2.95e-11	78.7
AL450380.1	CP013741.1	92.308	52	4	0	1915421	1915472	962366	962417	3.82e-10	75.0
AL450380.1	CP013741.1	93.878	49	3	0	1164273	1164321	3139231	3139183	3.82e-10	75.0
AL450380.1	CP013741.1	95.556	45	2	0	1164269	1164313	962417	962373	1.37e-09	73.1
AL450380.1	CP013741.1	97.674	43	0	1	1194840	1194882	1642517	1642476	1.37e-09	73.1
AL450380.1	CP013741.1	97.674	43	0	1	1194840	1194882	1642570	1642529	1.37e-09	73.1
AL450380.1	CP013741.1	97.674	43	0	1	1194840	1194882	1642623	1642582	1.37e-09	73.1
AL450380.1	CP013741.1	92.157	51	4	0	1629692	1629742	3139240	3139190	1.37e-09	73.1
AL450380.1	CP013741.1	92.157	51	4	0	1629692	1629742	3139293	3139243	1.37e-09	73.1
AL450380.1	CP013741.1	97.561	41	1	0	1164273	1164313	962360	962320	4.94e-09	71.3
AL450380.1	CP013741.1	97.561	41	1	0	1164273	1164313	2942668	2942708	4.94e-09	71.3
AL450380.1	CP013741.1	97.561	41	1	0	1164273	1164313	2942719	2942759	4.94e-09	71.3
AL450380.1	CP013741.1	97.561	41	1	0	1164273	1164313	2942770	2942810	4.94e-09	71.3
AL450380.1	CP013741.1	97.561	41	1	0	1164273	1164313	2942821	2942861	4.94e-09	71.3
AL450380.1	CP013741.1	97.561	41	1	0	1164273	1164313	2942872	2942912	4.94e-09	71.3
AL450380.1	CP013741.1	93.617	47	3	0	1164273	1164319	3139284	3139238	4.94e-09	71.3
AL450380.1	CP013741.1	95.455	44	2	0	1915427	1915470	3139243	3139286	4.94e-09	71.3
AL450380.1	CP013741.1	93.617	47	3	0	1164273	1164319	3139337	3139291	4.94e-09	71.3
AL450380.1	CP013741.1	82.353	85	11	4	139193	139275	4209111	4209029	4.94e-09	71.3
AL450380.1	CP013741.1	93.617	47	1	1	1629703	1629747	962358	962312	1.78e-08	69.4
AL450380.1	CP013741.1	91.837	49	4	0	1915421	1915469	962313	962361	1.78e-08	69.4
AL450380.1	CP013741.1	93.617	47	1	1	1629703	1629747	962411	962365	1.78e-08	69.4
AL450380.1	CP013741.1	92.000	50	3	1	1777823	1777871	1623373	1623422	1.78e-08	69.4
AL450380.1	CP013741.1	95.349	43	2	0	1915427	1915469	2942709	2942667	1.78e-08	69.4
AL450380.1	CP013741.1	95.349	43	2	0	1915427	1915469	2942760	2942718	1.78e-08	69.4
AL450380.1	CP013741.1	95.349	43	2	0	1915427	1915469	2942811	2942769	1.78e-08	69.4
AL450380.1	CP013741.1	95.349	43	2	0	1915427	1915469	2942862	2942820	1.78e-08	69.4
AL450380.1	CP013741.1	95.349	43	2	0	1915427	1915469	2942913	2942871	1.78e-08	69.4
AL450380.1	CP013741.1	97.500	40	1	0	1629703	1629742	3139335	3139296	1.78e-08	69.4
AL450380.1	CP013741.1	85.075	67	9	1	1164260	1164326	3572207	3572142	6.39e-08	67.6
AL450380.1	CP013741.1	93.182	44	3	0	2884050	2884093	1623373	1623416	2.30e-07	65.8
AL450380.1	CP013741.1	95.122	41	2	0	1915427	1915467	1916561	1916521	2.30e-07	65.8
AL450380.1	CP013741.1	93.182	44	3	0	2884050	2884093	1923224	1923181	2.30e-07	65.8
AL450380.1	CP013741.1	89.796	49	5	0	1071459	1071507	2322032	2322080	8.26e-07	63.9
AL450380.1	CP013741.1	94.872	39	2	0	126616	126654	1623412	1623374	2.97e-06	62.1
AL450380.1	CP013741.1	91.111	45	4	0	1071463	1071507	2322093	2322137	2.97e-06	62.1
AL450380.1	CP013741.1	91.111	45	4	0	1164269	1164313	2645224	2645268	2.97e-06	62.1
AL450380.1	CP013741.1	100.000	33	0	0	1258591	1258623	2729819	2729851	2.97e-06	62.1
AL450380.1	CP013741.1	97.143	35	1	0	2884059	2884093	797196	797162	1.07e-05	60.2
AL450380.1	CP013741.1	89.583	48	4	1	1164267	1164313	1808572	1808525	1.07e-05	60.2
AL450380.1	CP013741.1	92.683	41	3	0	1164273	1164313	2645282	2645322	1.07e-05	60.2
AL450380.1	CP013741.1	87.755	49	6	0	1071459	1071507	1451711	1451663	3.84e-05	58.4
AL450380.1	CP013741.1	97.059	34	1	0	1164273	1164306	2645336	2645369	3.84e-05	58.4
AL450380.1	CP013741.1	100.000	30	0	0	126616	126645	797166	797195	1.38e-04	56.5
AL450380.1	CP013741.1	100.000	30	0	0	126616	126645	804126	804155	1.38e-04	56.5
AL450380.1	CP013741.1	100.000	30	0	0	126616	126645	804180	804209	1.38e-04	56.5
AL450380.1	CP013741.1	100.000	30	0	0	2324436	2324465	1240406	1240377	1.38e-04	56.5
AL450380.1	CP013741.1	92.308	39	3	0	1071472	1071510	1451527	1451489	1.38e-04	56.5
AL450380.1	CP013741.1	94.444	36	2	0	1071472	1071507	1451584	1451549	1.38e-04	56.5
AL450380.1	CP013741.1	94.444	36	2	0	1071472	1071507	1451641	1451606	1.38e-04	56.5
AL450380.1	CP013741.1	94.444	36	2	0	2884058	2884093	2674608	2674643	1.38e-04	56.5
AL450380.1	CP013741.1	94.595	37	1	1	305910	305945	4017538	4017502	1.38e-04	56.5
AL450380.1	CP013741.1	100.000	29	0	0	126616	126644	2674639	2674611	4.97e-04	54.7
AL450380.1	CP013741.1	100.000	29	0	0	372412	372440	4233418	4233446	4.97e-04	54.7
AL450380.1	CP013741.1	100.000	28	0	0	1777833	1777860	804155	804128	0.002	52.8
AL450380.1	CP013741.1	100.000	28	0	0	1777833	1777860	804209	804182	0.002	52.8
AL450380.1	CP013741.1	100.000	28	0	0	126618	126645	1457231	1457258	0.002	52.8
AL450380.1	CP013741.1	96.774	31	1	0	2222848	2222878	2121756	2121726	0.002	52.8
AL450380.1	CP013741.1	100.000	28	0	0	1071480	1071507	3518112	3518139	0.002	52.8
