CP010333.1	AL450380.1	79.856	18879	3430	235	3244483	3263161	2812625	2793920	0.0	13450
CP010333.1	AL450380.1	86.785	7499	961	26	762369	769850	2276755	2269270	0.0	8331
CP010333.1	AL450380.1	94.649	4990	190	39	1479487	1484434	1341143	1346097	0.0	7664
CP010333.1	AL450380.1	81.389	8511	1459	95	3281651	3290096	188453	180003	0.0	6826
CP010333.1	AL450380.1	84.425	6414	927	42	3266345	3272724	200535	194160	0.0	6244
CP010333.1	AL450380.1	81.568	6581	1177	31	4302407	4308966	84030	77465	0.0	5400
CP010333.1	AL450380.1	79.593	7811	1359	144	3331144	3338820	2024662	2032371	0.0	5376
CP010333.1	AL450380.1	78.151	7419	1489	101	343690	351020	3023864	3016490	0.0	4599
CP010333.1	AL450380.1	81.121	5726	1037	31	2021780	2027492	1867909	1862215	0.0	4545
CP010333.1	AL450380.1	80.621	5893	1064	63	2485222	2491065	1959885	1965748	0.0	4484
CP010333.1	AL450380.1	79.362	5955	1103	77	4053710	4059574	271975	266057	0.0	4072
CP010333.1	AL450380.1	80.538	5246	983	24	2836811	2842034	1401827	1396598	0.0	3997
CP010333.1	AL450380.1	77.929	6520	1319	86	1802304	1808776	1502246	1508692	0.0	3958
CP010333.1	AL450380.1	82.391	4583	765	34	3802783	3807343	485172	480610	0.0	3954
CP010333.1	AL450380.1	79.287	5523	1021	87	617261	622702	2885521	2880041	0.0	3747
CP010333.1	AL450380.1	86.118	3436	459	14	1392576	1396005	1260024	1263447	0.0	3687
CP010333.1	AL450380.1	78.846	5564	1058	80	2738774	2744269	1767602	1773114	0.0	3644
CP010333.1	AL450380.1	85.727	3398	463	13	958265	961658	2572543	2569164	0.0	3568
CP010333.1	AL450380.1	81.292	4474	766	44	3376645	3381076	2064072	2068516	0.0	3559
CP010333.1	AL450380.1	82.427	4046	624	59	3400811	3404825	2093472	2097461	0.0	3452
CP010333.1	AL450380.1	77.504	5921	1179	97	2770439	2776278	1496727	1490879	0.0	3413
CP010333.1	AL450380.1	79.741	4783	898	46	1657363	1662119	720590	725327	0.0	3398
CP010333.1	AL450380.1	80.744	4435	754	70	601979	606365	2899216	2894834	0.0	3367
CP010333.1	AL450380.1	82.495	3856	640	21	1601964	1605797	678849	682691	0.0	3349
CP010333.1	AL450380.1	85.377	3221	454	16	3608821	3612032	924234	921022	0.0	3323
CP010333.1	AL450380.1	81.730	4034	686	38	1757116	1761131	1422548	1426548	0.0	3319
CP010333.1	AL450380.1	81.858	3908	687	19	2832808	2836701	1405852	1401953	0.0	3269
CP010333.1	AL450380.1	79.565	4644	840	70	496612	501179	388919	384309	0.0	3217
CP010333.1	AL450380.1	79.353	4606	887	47	126167	130746	3209499	3204932	0.0	3179
CP010333.1	AL450380.1	80.825	4073	727	42	1872835	1876885	1692183	1696223	0.0	3145
CP010333.1	AL450380.1	81.481	3796	691	11	1455687	1459476	1318301	1322090	0.0	3105
CP010333.1	AL450380.1	79.214	4532	854	69	4018785	4023265	305702	301208	0.0	3070
CP010333.1	AL450380.1	80.148	4181	762	48	2068709	2072853	2476916	2472768	0.0	3061
CP010333.1	AL450380.1	80.826	3948	714	36	4229818	4233746	130593	126670	0.0	3057
CP010333.1	AL450380.1	82.072	3620	586	40	1572416	1575991	657332	660932	0.0	3031
CP010333.1	AL450380.1	76.985	5440	1148	76	1591067	1596453	670034	675422	0.0	3014
CP010333.1	AL450380.1	83.399	3289	504	32	783862	787115	2260372	2257091	0.0	3011
CP010333.1	AL450380.1	81.854	3593	604	33	2379684	2383234	1560467	1556881	0.0	2979
CP010333.1	AL450380.1	79.332	4403	788	76	2478537	2482852	1024044	1019677	0.0	2977
CP010333.1	AL450380.1	87.194	2577	327	3	4015958	4018532	308549	305974	0.0	2928
CP010333.1	AL450380.1	80.462	3854	714	27	1565049	1568873	649623	653466	0.0	2909
CP010333.1	AL450380.1	83.275	3145	516	9	3792952	3796093	489443	486306	0.0	2885
CP010333.1	AL450380.1	78.084	4718	908	76	3635674	3640318	896575	891911	0.0	2868
CP010333.1	AL450380.1	83.317	3135	476	41	3391506	3394606	2083348	2086469	0.0	2848
CP010333.1	AL450380.1	85.462	2717	389	6	2515299	2518011	1996150	1998864	0.0	2824
CP010333.1	AL450380.1	81.203	3591	599	46	1143503	1147055	328050	331602	0.0	2822
CP010333.1	AL450380.1	79.439	4032	774	39	17679	21683	21105	25108	0.0	2802
CP010333.1	AL450380.1	84.212	2901	433	19	1846611	1849501	1668308	1671193	0.0	2796
CP010333.1	AL450380.1	81.389	3498	590	42	4122529	4125978	2750464	2753948	0.0	2796
CP010333.1	AL450380.1	81.395	3440	599	33	2700516	2703928	740055	736630	0.0	2769
CP010333.1	AL450380.1	77.721	4659	940	68	2439255	2443849	1059895	1055271	0.0	2763
CP010333.1	AL450380.1	78.458	4294	847	54	1380854	1385088	1248424	1252698	0.0	2734
CP010333.1	AL450380.1	78.290	4385	846	64	3239420	3243752	2817725	2813395	0.0	2726
CP010333.1	AL450380.1	78.433	4289	841	62	1796797	1801035	1445954	1450208	0.0	2719
CP010333.1	AL450380.1	77.102	4817	1004	70	1910469	1915231	1606100	1610871	0.0	2693
CP010333.1	AL450380.1	80.558	3513	623	37	1671183	1674661	2198533	2195047	0.0	2649
CP010333.1	AL450380.1	78.578	4094	767	76	3655645	3659695	870919	866893	0.0	2601
CP010333.1	AL450380.1	83.375	2827	448	12	2508278	2511087	1989140	1991961	0.0	2597
CP010333.1	AL450380.1	83.773	2730	404	19	2512524	2515219	1993404	1996128	0.0	2551
CP010333.1	AL450380.1	75.779	5330	1127	113	739159	744396	2287523	2282266	0.0	2540
CP010333.1	AL450380.1	84.684	2566	352	26	3695837	3698389	836411	833874	0.0	2523
CP010333.1	AL450380.1	81.008	3254	545	41	1472536	1475762	1335152	1338359	0.0	2518
CP010333.1	AL450380.1	77.788	4169	870	37	281409	285540	3069737	3065588	0.0	2518
CP010333.1	AL450380.1	80.343	3378	608	39	2756536	2759886	1782209	1785557	0.0	2508
CP010333.1	AL450380.1	78.651	3855	735	68	184205	188005	3154325	3150505	0.0	2479
CP010333.1	AL450380.1	85.297	2394	334	14	2900523	2902911	597956	595576	0.0	2455
CP010333.1	AL450380.1	78.311	3919	746	65	593198	597057	2904859	2900986	0.0	2433
CP010333.1	AL450380.1	82.604	2788	452	22	2352522	2355295	1582519	1579751	0.0	2431
CP010333.1	AL450380.1	80.127	3316	611	35	3678411	3681693	853693	850393	0.0	2429
CP010333.1	AL450380.1	82.843	2722	448	15	2454441	2457155	1045900	1043191	0.0	2422
CP010333.1	AL450380.1	82.525	2741	458	18	3551258	3553989	779885	777157	0.0	2388
CP010333.1	AL450380.1	78.871	3597	694	46	1940986	1944559	1629703	1633256	0.0	2372
CP010333.1	AL450380.1	80.186	3225	580	41	1868456	1871635	1687628	1690838	0.0	2361
CP010333.1	AL450380.1	81.424	2907	510	27	2847615	2850503	637495	634601	0.0	2350
CP010333.1	AL450380.1	82.783	2637	443	9	460997	463626	2963219	2965851	0.0	2344
CP010333.1	AL450380.1	77.185	4199	835	78	2407896	2412041	1085999	1081871	0.0	2333
CP010333.1	AL450380.1	77.452	4027	823	58	2038596	2042578	1855726	1851741	0.0	2327
CP010333.1	AL450380.1	80.681	3054	535	26	2645941	2648959	759806	756773	0.0	2320
CP010333.1	AL450380.1	78.311	3707	720	58	1787410	1791063	1438578	1442253	0.0	2314
CP010333.1	AL450380.1	82.807	2629	410	27	3134500	3137086	1879726	1882354	0.0	2313
CP010333.1	AL450380.1	81.088	2940	516	26	3360840	3363759	2052000	2054919	0.0	2313
CP010333.1	AL450380.1	79.042	3464	650	52	2403366	2406799	1090687	1087270	0.0	2305
CP010333.1	AL450380.1	80.399	3061	570	23	1621259	1624298	694879	697930	0.0	2302
CP010333.1	AL450380.1	78.337	3619	738	37	1861542	1865134	1680982	1684580	0.0	2298
CP010333.1	AL450380.1	82.471	2687	409	44	4227041	4229697	133416	130762	0.0	2296
CP010333.1	AL450380.1	76.168	4582	950	102	1781270	1785770	1432240	1436760	0.0	2281
CP010333.1	AL450380.1	83.723	2439	370	19	1229565	1231996	2335023	2332605	0.0	2279
CP010333.1	AL450380.1	85.789	2111	293	6	4028691	4030795	295693	293584	0.0	2230
CP010333.1	AL450380.1	79.340	3243	594	52	2865993	2869184	625362	622145	0.0	2207
CP010333.1	AL450380.1	85.074	2164	321	2	1839795	1841957	1661599	1663761	0.0	2206
CP010333.1	AL450380.1	87.318	1924	235	8	4233819	4235736	126493	124573	0.0	2193
CP010333.1	AL450380.1	82.665	2544	371	32	3081664	3084182	1016060	1013562	0.0	2191
CP010333.1	AL450380.1	78.486	3421	660	57	3179466	3182837	1912789	1916182	0.0	2170
CP010333.1	AL450380.1	80.281	2921	527	35	1561033	1563919	645416	648321	0.0	2158
CP010333.1	AL450380.1	77.526	3662	767	44	3224221	3227857	1954851	1958481	0.0	2152
CP010333.1	AL450380.1	83.658	2307	334	30	802685	804955	2244235	2241936	0.0	2132
CP010333.1	AL450380.1	81.053	2697	482	19	827351	830033	2222090	2219409	0.0	2122
CP010333.1	AL450380.1	81.642	2582	447	13	3497775	3500333	798625	796048	0.0	2117
CP010333.1	AL450380.1	81.510	2596	449	26	1140051	1142624	323458	326044	0.0	2106
CP010333.1	AL450380.1	80.959	2689	480	19	3055811	3058485	1822935	1825605	0.0	2100
CP010333.1	AL450380.1	80.709	2737	494	24	1836282	1838997	1652684	1655407	0.0	2098
CP010333.1	AL450380.1	85.227	2051	290	10	1007837	1009877	2526178	2524131	0.0	2097
CP010333.1	AL450380.1	78.640	3235	627	47	653417	656614	2698909	2702116	0.0	2087
CP010333.1	AL450380.1	80.021	2858	538	29	3263330	3266168	2793754	2790911	0.0	2084
CP010333.1	AL450380.1	76.721	3892	798	74	4035546	4039365	286279	282424	0.0	2069
CP010333.1	AL450380.1	81.120	2590	475	11	1306290	1308872	1800205	1797623	0.0	2061
CP010333.1	AL450380.1	82.084	2428	422	8	4094395	4096817	2732172	2734591	0.0	2061
CP010333.1	AL450380.1	76.734	3834	795	67	1920545	1924313	1617823	1621624	0.0	2049
CP010333.1	AL450380.1	78.840	3086	600	39	43725	46784	36177	39235	0.0	2032
CP010333.1	AL450380.1	79.914	2798	533	25	2079832	2082607	2466216	2463426	0.0	2026
CP010333.1	AL450380.1	80.615	2698	456	48	815548	818201	2231655	2228981	0.0	2023
CP010333.1	AL450380.1	81.082	2569	432	36	509318	511853	379938	377391	0.0	2002
CP010333.1	AL450380.1	85.692	1894	260	10	2371654	2373541	1570074	1568186	0.0	1986
CP010333.1	AL450380.1	80.324	2658	495	22	1833488	1836122	1650915	1648263	0.0	1986
CP010333.1	AL450380.1	79.374	2875	543	41	4239644	4242484	120728	117870	0.0	1978
CP010333.1	AL450380.1	77.565	3392	682	59	14154	17500	17544	20901	0.0	1975
CP010333.1	AL450380.1	79.479	2841	538	35	2979143	2981955	1598268	1595445	0.0	1975
CP010333.1	AL450380.1	82.444	2267	390	8	898935	901196	2629211	2626948	0.0	1975
CP010333.1	AL450380.1	80.142	2679	483	34	2075770	2078426	2470004	2467353	0.0	1954
CP010333.1	AL450380.1	79.853	2730	500	36	4199217	4201914	156396	153685	0.0	1949
CP010333.1	AL450380.1	80.939	2534	421	40	4208116	4210603	151872	149355	0.0	1947
CP010333.1	AL450380.1	77.166	3508	694	56	4360355	4363771	3258285	3261776	0.0	1941
CP010333.1	AL450380.1	87.620	1672	204	3	530042	531711	405419	407089	0.0	1938
CP010333.1	AL450380.1	75.282	4341	923	97	1499458	1503705	1355252	1359535	0.0	1934
CP010333.1	AL450380.1	78.669	2991	571	48	4083762	4086723	2721992	2724944	0.0	1927
CP010333.1	AL450380.1	80.045	2651	473	43	3397970	3400590	2090606	2093230	0.0	1914
CP010333.1	AL450380.1	78.266	3138	566	64	3648898	3651963	877757	874664	0.0	1910
CP010333.1	AL450380.1	82.189	2257	362	27	2752208	2754450	1779773	1782003	0.0	1905
CP010333.1	AL450380.1	81.662	2323	397	27	72639	74946	3210654	3212962	0.0	1903
CP010333.1	AL450380.1	77.098	3432	692	66	1063961	1067342	217158	220545	0.0	1897
CP010333.1	AL450380.1	79.370	2763	513	47	1262374	1265095	1127692	1130438	0.0	1892
CP010333.1	AL450380.1	79.203	2837	500	59	1354513	1357324	1228779	1231550	0.0	1888
CP010333.1	AL450380.1	77.810	3141	629	51	2640771	2643871	763197	760085	0.0	1877
CP010333.1	AL450380.1	78.213	2933	607	25	2782164	2785086	1485773	1482863	0.0	1847
CP010333.1	AL450380.1	74.584	4446	1017	94	203003	207385	3096293	3100688	0.0	1845
CP010333.1	AL450380.1	85.066	1808	268	2	421250	423056	2973469	2971663	0.0	1842
CP010333.1	AL450380.1	79.859	2552	487	23	2731150	2733686	1761570	1764109	0.0	1840
CP010333.1	AL450380.1	81.721	2243	376	21	1692549	1694777	2180132	2177910	0.0	1840
CP010333.1	AL450380.1	80.676	2396	440	18	1130022	1132401	312281	314669	0.0	1838
CP010333.1	AL450380.1	81.034	2378	392	38	3013210	3015556	1185830	1183481	0.0	1838
CP010333.1	AL450380.1	82.434	2095	358	9	1101381	1103470	240531	242620	0.0	1821
CP010333.1	AL450380.1	80.997	2326	408	25	2164475	2166789	2372105	2369803	0.0	1816
CP010333.1	AL450380.1	77.848	3020	607	49	245602	248586	3129374	3132366	0.0	1814
CP010333.1	AL450380.1	77.807	3046	599	58	2929567	2932583	551271	554268	0.0	1808
CP010333.1	AL450380.1	80.227	2468	438	33	3652063	3654491	874462	872006	0.0	1808
CP010333.1	AL450380.1	83.532	1931	302	9	292520	294447	3057062	3055145	0.0	1790
CP010333.1	AL450380.1	78.881	2699	525	28	1465937	1468627	1328493	1331154	0.0	1784
CP010333.1	AL450380.1	79.123	2644	507	33	3631324	3633929	902780	900144	0.0	1783
CP010333.1	AL450380.1	77.200	3272	608	94	2347408	2350565	1587731	1584484	0.0	1783
CP010333.1	AL450380.1	79.144	2618	513	20	2850951	2853546	633978	631372	0.0	1779
CP010333.1	AL450380.1	78.884	2742	495	60	2412177	2414874	1081698	1078997	0.0	1779
CP010333.1	AL450380.1	76.940	3235	663	62	986065	989271	2538531	2535352	0.0	1764
CP010333.1	AL450380.1	82.681	2044	294	32	733292	735288	2295078	2293048	0.0	1759
CP010333.1	AL450380.1	81.936	2076	339	18	3811042	3813110	475173	473127	0.0	1724
CP010333.1	AL450380.1	81.373	2142	376	12	3641322	3643460	890917	888796	0.0	1724
CP010333.1	AL450380.1	83.088	1904	296	14	3833213	3835101	464849	462957	0.0	1709
CP010333.1	AL450380.1	77.888	2822	559	50	2710068	2712841	1745795	1748599	0.0	1694
CP010333.1	AL450380.1	80.298	2279	419	24	3372401	3374659	2059832	2062100	0.0	1694
CP010333.1	AL450380.1	79.674	2396	437	27	3627168	3629522	907048	904662	0.0	1681
CP010333.1	AL450380.1	77.778	2889	534	76	3142805	3145637	1886295	1889131	0.0	1679
CP010333.1	AL450380.1	81.535	2058	360	18	904727	906773	2622706	2620658	0.0	1677
CP010333.1	AL450380.1	78.082	2774	523	64	1668336	1671058	2201451	2198712	0.0	1676
CP010333.1	AL450380.1	80.787	2160	400	7	4091199	4093343	2729177	2731336	0.0	1676
CP010333.1	AL450380.1	84.002	1744	271	7	3353168	3354907	2044356	2046095	0.0	1668
CP010333.1	AL450380.1	80.070	2288	412	30	1226369	1228650	2338938	2336689	0.0	1659
CP010333.1	AL450380.1	83.886	1750	264	14	2776352	2778096	1490850	1489114	0.0	1653
CP010333.1	AL450380.1	81.253	2059	370	15	3364596	3366646	2055790	2057840	0.0	1650
CP010333.1	AL450380.1	77.188	2994	577	71	1674752	1677666	2194819	2191853	0.0	1648
CP010333.1	AL450380.1	77.178	2870	624	23	2591492	2594347	1008870	1006018	0.0	1642
CP010333.1	AL450380.1	86.622	1495	187	7	3855232	3856722	2344282	2345767	0.0	1640
CP010333.1	AL450380.1	80.179	2235	405	27	2915917	2918121	583404	581178	0.0	1639
CP010333.1	AL450380.1	78.665	2531	489	33	3093663	3096151	1871052	1873573	0.0	1635
CP010333.1	AL450380.1	78.833	2537	456	44	1684545	1687015	2185741	2183220	0.0	1635
CP010333.1	AL450380.1	78.344	2549	532	17	901910	904450	2626846	2624310	0.0	1631
CP010333.1	AL450380.1	74.811	3835	857	84	3319297	3323057	2014833	2018632	0.0	1629
CP010333.1	AL450380.1	79.711	2282	438	23	1513760	1516028	1368584	1370853	0.0	1626
CP010333.1	AL450380.1	76.641	3031	653	43	4352004	4355018	3249903	3252894	0.0	1624
CP010333.1	AL450380.1	83.009	1801	296	4	2888692	2890492	608618	606828	0.0	1622
CP010333.1	AL450380.1	80.664	2110	393	14	3458915	3461017	807994	805893	0.0	1622
CP010333.1	AL450380.1	78.554	2518	499	31	4219972	4222467	139080	136582	0.0	1620
CP010333.1	AL450380.1	82.344	1886	313	18	2989465	2991340	1203073	1201198	0.0	1620
CP010333.1	AL450380.1	84.091	1672	264	2	961732	963402	2560985	2559315	0.0	1613
CP010333.1	AL450380.1	79.474	2280	454	11	1598276	1600544	676267	678543	0.0	1605
CP010333.1	AL450380.1	78.094	2561	538	18	197440	199985	3090748	3093300	0.0	1600
CP010333.1	AL450380.1	84.465	1635	239	9	813762	815387	2233363	2231735	0.0	1598
CP010333.1	AL450380.1	81.101	2016	356	21	436375	438370	361298	363308	0.0	1589
CP010333.1	AL450380.1	84.429	1612	235	12	2483308	2484906	1094206	1095814	0.0	1572
CP010333.1	AL450380.1	76.139	3139	649	67	3684870	3687947	846280	843181	0.0	1555
CP010333.1	AL450380.1	85.753	1474	204	4	3618960	3620430	915101	913631	0.0	1554
CP010333.1	AL450380.1	82.122	1857	293	31	4126111	4127948	2754521	2756357	0.0	1554
CP010333.1	AL450380.1	76.661	2875	628	33	4025509	4028351	298987	296124	0.0	1552
CP010333.1	AL450380.1	84.470	1584	235	6	2368105	2369688	1575474	1573902	0.0	1552
CP010333.1	AL450380.1	77.124	2789	558	62	3828670	3831405	467962	465201	0.0	1543
CP010333.1	AL450380.1	79.962	2091	412	7	7687	9773	8966	11053	0.0	1533
CP010333.1	AL450380.1	78.231	2499	471	58	3048616	3051076	1149631	1147168	0.0	1533
CP010333.1	AL450380.1	77.655	2627	512	58	1681978	1684554	2188367	2185766	0.0	1530
CP010333.1	AL450380.1	78.520	2351	482	18	239568	241902	3123491	3125834	0.0	1522
CP010333.1	AL450380.1	80.565	2017	356	21	4129585	4131587	2757683	2759677	0.0	1520
CP010333.1	AL450380.1	84.017	1608	220	20	806794	808365	2240298	2238692	0.0	1511
CP010333.1	AL450380.1	81.968	1819	295	25	50343	52136	3242519	3240709	0.0	1511
CP010333.1	AL450380.1	84.930	1493	223	2	3051161	3052652	1147124	1145633	0.0	1509
CP010333.1	AL450380.1	81.991	1788	310	10	252366	254147	3135264	3137045	0.0	1507
CP010333.1	AL450380.1	83.510	1607	265	0	3615806	3617412	918290	916684	0.0	1500
CP010333.1	AL450380.1	78.296	2442	447	49	3028735	3031111	1166728	1164305	0.0	1496
CP010333.1	AL450380.1	77.671	2508	519	26	2525179	2527663	2157660	2160149	0.0	1491
CP010333.1	AL450380.1	78.349	2374	463	35	1061546	1063883	214251	216609	0.0	1489
CP010333.1	AL450380.1	76.427	2855	612	49	2430898	2433733	1067130	1064318	0.0	1487
CP010333.1	AL450380.1	87.578	1288	149	9	787257	788541	2257066	2255787	0.0	1482
CP010333.1	AL450380.1	83.130	1636	256	13	2736495	2738126	1765392	1767011	0.0	1474
CP010333.1	AL450380.1	83.467	1615	232	19	805080	806691	2241928	2240346	0.0	1471
CP010333.1	AL450380.1	80.797	1906	338	18	4243047	4244940	117248	115359	0.0	1467
CP010333.1	AL450380.1	81.131	1839	339	7	2422266	2424100	1075859	1074025	0.0	1467
CP010333.1	AL450380.1	77.343	2529	535	34	915788	918297	2605090	2602581	0.0	1461
CP010333.1	AL450380.1	82.023	1730	296	11	1650916	1652632	714231	715958	0.0	1458
CP010333.1	AL450380.1	79.264	2146	398	33	587175	589295	2911014	2908891	0.0	1454
CP010333.1	AL450380.1	79.880	2008	384	17	1132579	1134576	314922	316919	0.0	1452
CP010333.1	AL450380.1	81.488	1788	314	10	2366279	2368059	1577254	1575477	0.0	1452
CP010333.1	AL450380.1	83.396	1608	222	28	3856852	3858425	2345835	2347431	0.0	1448
CP010333.1	AL450380.1	76.776	2661	571	29	3275097	3277741	191969	189340	0.0	1447
CP010333.1	AL450380.1	82.206	1686	288	9	1454008	1455687	1316547	1318226	0.0	1441
CP010333.1	AL450380.1	76.698	2695	561	49	1010586	1013242	2520439	2517774	0.0	1435
CP010333.1	AL450380.1	75.666	3041	650	55	2497500	2500471	1974014	1977033	0.0	1434
CP010333.1	AL450380.1	79.068	2145	395	31	1855153	1857261	1675739	1677865	0.0	1424
CP010333.1	AL450380.1	77.072	2582	521	49	3290104	3292645	179830	177280	0.0	1423
CP010333.1	AL450380.1	76.306	2794	582	64	3585585	3588335	954859	952103	0.0	1419
CP010333.1	AL450380.1	82.622	1617	265	8	3788214	3789816	492635	491021	0.0	1415
CP010333.1	AL450380.1	78.330	2192	449	22	3412888	3415063	2106677	2108858	0.0	1393
CP010333.1	AL450380.1	78.009	2260	462	25	3719922	3722157	819387	817139	0.0	1387
CP010333.1	AL450380.1	80.971	1771	310	24	1207552	1209313	2864965	2863213	0.0	1378
CP010333.1	AL450380.1	76.090	2844	563	73	2414936	2417674	1078968	1076137	0.0	1376
CP010333.1	AL450380.1	77.563	2380	464	43	4195249	4197579	160399	158041	0.0	1373
CP010333.1	AL450380.1	81.196	1723	305	17	3613958	3615668	920140	918425	0.0	1369
CP010333.1	AL450380.1	83.750	1440	232	2	1818957	1820395	1519721	1521159	0.0	1362
CP010333.1	AL450380.1	82.353	1581	265	12	2491316	2492888	1965985	1967559	0.0	1362
CP010333.1	AL450380.1	79.035	2032	392	20	977137	979144	2546145	2544124	0.0	1362
CP010333.1	AL450380.1	80.702	1767	318	17	3273269	3275025	193766	192013	0.0	1352
CP010333.1	AL450380.1	81.329	1671	302	8	1058342	1060005	211160	212827	0.0	1349
CP010333.1	AL450380.1	77.205	2347	511	22	2298779	2301108	1726392	1728731	0.0	1349
CP010333.1	AL450380.1	79.439	1960	362	23	2564522	2566447	1947440	1945488	0.0	1349
CP010333.1	AL450380.1	78.565	2104	408	30	3559927	3561997	771238	769145	0.0	1347
CP010333.1	AL450380.1	82.114	1599	260	12	423881	425468	2970894	2969311	0.0	1345
CP010333.1	AL450380.1	76.800	2444	526	36	200266	202688	3093542	3095965	0.0	1334
CP010333.1	AL450380.1	77.626	2266	460	37	1123142	1125390	257225	259460	0.0	1332
CP010333.1	AL450380.1	78.982	1965	402	8	101283	103241	2373616	2375575	0.0	1330
CP010333.1	AL450380.1	78.203	2115	436	17	2816091	2818190	530708	528604	0.0	1328
CP010333.1	AL450380.1	83.894	1397	217	7	403315	404706	2984145	2982752	0.0	1327
CP010333.1	AL450380.1	77.699	2260	431	47	3577686	3579908	962620	960397	0.0	1314
CP010333.1	AL450380.1	80.434	1753	316	14	1775002	1776748	1427794	1429525	0.0	1312
CP010333.1	AL450380.1	81.093	1629	300	7	1746465	1748089	1410867	1412491	0.0	1295
CP010333.1	AL450380.1	75.581	2752	603	57	2292307	2295017	1726004	1728727	0.0	1295
CP010333.1	AL450380.1	80.822	1679	291	26	4244955	4246619	115292	113631	0.0	1288
CP010333.1	AL450380.1	83.513	1389	216	8	1461276	1462656	1323771	1325154	0.0	1284
CP010333.1	AL450380.1	82.594	1465	246	5	2097653	2099114	2453630	2452172	0.0	1284
CP010333.1	AL450380.1	81.771	1536	278	2	4110696	4112230	2741815	2743349	0.0	1284
CP010333.1	AL450380.1	78.906	1920	384	15	1433779	1435685	1294673	1296584	0.0	1282
CP010333.1	AL450380.1	78.964	1911	374	23	4134490	4136382	2762495	2764395	0.0	1277
CP010333.1	AL450380.1	83.075	1418	218	15	2436189	2437595	1062975	1061569	0.0	1269
CP010333.1	AL450380.1	82.650	1464	218	22	1477928	1479361	1339543	1341000	0.0	1264
CP010333.1	AL450380.1	76.461	2413	517	39	2385798	2388169	1553957	1551555	0.0	1262
CP010333.1	AL450380.1	82.962	1438	205	20	735906	737327	2292562	2291149	0.0	1262
CP010333.1	AL450380.1	79.221	1848	357	23	2863873	2865702	627518	625680	0.0	1260
CP010333.1	AL450380.1	79.784	1761	330	21	2475779	2477526	1026742	1024995	0.0	1256
CP010333.1	AL450380.1	80.967	1613	274	20	2633543	2635146	980232	978644	0.0	1247
CP010333.1	AL450380.1	80.265	1662	318	9	2583293	2584949	2143417	2145073	0.0	1243
CP010333.1	AL450380.1	77.421	2148	443	30	3229817	3231936	2000922	2003055	0.0	1242
CP010333.1	AL450380.1	79.022	1840	348	20	4210732	4212537	149289	147454	0.0	1225
CP010333.1	AL450380.1	79.567	1757	324	22	2855380	2857107	629473	627723	0.0	1223
CP010333.1	AL450380.1	82.444	1424	225	17	3004967	3006381	1194855	1193448	0.0	1221
CP010333.1	AL450380.1	84.119	1272	192	9	2511120	2512386	1992028	1993294	0.0	1221
CP010333.1	AL450380.1	87.873	1039	124	2	3009681	3010718	1190224	1189187	0.0	1219
CP010333.1	AL450380.1	80.527	1633	276	25	323340	324945	3035295	3033678	0.0	1216
CP010333.1	AL450380.1	78.537	1887	375	25	2443955	2445827	1055146	1053276	0.0	1214
CP010333.1	AL450380.1	77.424	2073	445	19	2728794	2730853	1759304	1761366	0.0	1214
CP010333.1	AL450380.1	78.695	1901	346	38	3201568	3203440	1935020	1936889	0.0	1212
CP010333.1	AL450380.1	77.077	2155	458	30	4172384	4174526	2948761	2946631	0.0	1210
CP010333.1	AL450380.1	79.213	1780	334	24	3387998	3389751	2079775	2081544	0.0	1205
CP010333.1	AL450380.1	80.514	1596	284	19	2474168	2475739	1028879	1027287	0.0	1199
CP010333.1	AL450380.1	77.435	2105	409	46	2870557	2872622	621803	619726	0.0	1195
CP010333.1	AL450380.1	79.108	1771	320	32	4136387	4138117	2764436	2766196	0.0	1175
CP010333.1	AL450380.1	79.640	1665	314	18	3884892	3886546	2677084	2678733	0.0	1173
CP010333.1	AL450380.1	79.963	1612	304	19	3860002	3861604	2348313	2349914	0.0	1170
CP010333.1	AL450380.1	78.358	1839	370	21	2392533	2394361	1547593	1545773	0.0	1166
CP010333.1	AL450380.1	81.487	1426	258	6	2105591	2107014	2449792	2448371	0.0	1166
CP010333.1	AL450380.1	81.741	1413	232	18	3462131	3463522	804914	803507	0.0	1157
CP010333.1	AL450380.1	74.040	3047	694	70	110437	113415	2383350	2386367	0.0	1155
CP010333.1	AL450380.1	85.885	1091	144	9	753927	755011	2278340	2277254	0.0	1153
CP010333.1	AL450380.1	82.579	1303	227	0	1002750	1004052	2532937	2531635	0.0	1149
CP010333.1	AL450380.1	82.877	1279	214	4	1223966	1225242	2341431	2340156	0.0	1144
CP010333.1	AL450380.1	81.123	1425	267	2	2385798	2387221	1555624	1554201	0.0	1140
CP010333.1	AL450380.1	79.296	1647	324	14	4011818	4013454	2305188	2306827	0.0	1136
CP010333.1	AL450380.1	80.366	1528	273	23	1	1522	58	1564	0.0	1134
CP010333.1	AL450380.1	80.261	1535	280	17	1299518	1301048	1805496	1803981	0.0	1134
CP010333.1	AL450380.1	78.273	1772	377	7	3086390	3088155	948302	946533	0.0	1133
CP010333.1	AL450380.1	81.412	1388	248	7	278325	279707	3074057	3072675	0.0	1125
CP010333.1	AL450380.1	79.584	1587	310	10	874478	876060	2648941	2647365	0.0	1123
CP010333.1	AL450380.1	76.988	2025	428	28	573260	575255	2922674	2920659	0.0	1123
CP010333.1	AL450380.1	81.596	1391	225	17	1462816	1464178	1325474	1326861	0.0	1122
CP010333.1	AL450380.1	84.892	1112	165	3	50343	51453	492725	493834	0.0	1120
CP010333.1	AL450380.1	80.722	1468	254	23	3617431	3618879	916585	915128	0.0	1116
CP010333.1	AL450380.1	81.832	1343	223	15	2528008	2529341	2160246	2161576	0.0	1109
CP010333.1	AL450380.1	73.524	3150	736	74	214652	217746	3107515	3110621	0.0	1107
CP010333.1	AL450380.1	83.611	1202	170	16	750457	751650	2281618	2280436	0.0	1103
CP010333.1	AL450380.1	79.338	1631	287	30	591491	593082	2906708	2905089	0.0	1099
CP010333.1	AL450380.1	81.209	1373	239	12	2908997	2910363	589429	588070	0.0	1088
CP010333.1	AL450380.1	83.277	1184	195	3	4138225	4139406	2766373	2767555	0.0	1086
CP010333.1	AL450380.1	81.195	1356	243	6	3838228	3839581	459316	457971	0.0	1081
CP010333.1	AL450380.1	78.525	1681	331	26	638218	639878	2683256	2684926	0.0	1077
CP010333.1	AL450380.1	79.114	1580	304	19	3006490	3008057	1193385	1191820	0.0	1066
CP010333.1	AL450380.1	83.611	1141	181	5	3356706	3357844	2048040	2049176	0.0	1066
CP010333.1	AL450380.1	76.780	1994	391	40	3384777	3386717	2075926	2077900	0.0	1051
CP010333.1	AL450380.1	75.934	2169	451	42	1510003	1512135	1364666	1366799	0.0	1048
CP010333.1	AL450380.1	79.245	1590	256	43	3839686	3841228	457885	456323	0.0	1040
CP010333.1	AL450380.1	79.674	1471	269	24	2826804	2828255	526136	524677	0.0	1033
CP010333.1	AL450380.1	78.134	1651	344	11	3602801	3604443	927285	925644	0.0	1033
CP010333.1	AL450380.1	81.467	1241	224	6	576957	578194	2919295	2918058	0.0	1013
CP010333.1	AL450380.1	75.809	2133	437	64	4286958	4289054	96369	94280	0.0	1007
CP010333.1	AL450380.1	80.589	1324	242	13	911117	912435	2613359	2612046	0.0	1007
CP010333.1	AL450380.1	82.034	1180	204	7	3573334	3574509	967117	965942	0.0	998
CP010333.1	AL450380.1	79.131	1519	258	45	3629792	3631287	904375	902893	0.0	994
CP010333.1	AL450380.1	78.405	1630	279	45	2401618	2403223	1092373	1090793	0.0	992
CP010333.1	AL450380.1	81.395	1204	222	1	580813	582014	2916529	2915326	0.0	981
CP010333.1	AL450380.1	77.915	1621	323	23	4096925	4098527	2734780	2736383	0.0	977
CP010333.1	AL450380.1	83.922	1020	164	0	1679896	1680915	2189484	2188465	0.0	976
CP010333.1	AL450380.1	80.184	1307	254	5	2830851	2832153	1407681	1406376	0.0	974
CP010333.1	AL450380.1	80.803	1271	219	15	2704082	2705329	736433	735165	0.0	972
CP010333.1	AL450380.1	81.679	1179	207	7	2376997	2378166	1563113	1561935	0.0	972
CP010333.1	AL450380.1	82.016	1151	195	8	3293220	3294362	176589	175443	0.0	968
CP010333.1	AL450380.1	80.499	1323	207	24	58902	60193	3233980	3232678	0.0	966
CP010333.1	AL450380.1	81.510	1179	204	9	1375009	1376177	1243753	1244927	0.0	957
CP010333.1	AL450380.1	77.757	1614	317	23	1312120	1313705	1794559	1792960	0.0	953
CP010333.1	AL450380.1	85.480	916	129	3	738185	739098	2288518	2287605	0.0	952
CP010333.1	AL450380.1	81.574	1156	207	6	3473580	3474732	2612046	2613198	0.0	950
CP010333.1	AL450380.1	80.500	1241	235	7	3170363	3171599	1906992	1908229	0.0	944
CP010333.1	AL450380.1	86.437	870	106	6	3188984	3189844	1923256	1924122	0.0	942
CP010333.1	AL450380.1	80.601	1232	221	8	3072418	3073636	1840481	1841707	0.0	935
CP010333.1	AL450380.1	82.732	1054	179	3	157217	158268	3178796	3177744	0.0	935
CP010333.1	AL450380.1	80.964	1182	220	5	2906657	2907833	591872	590691	0.0	931
CP010333.1	AL450380.1	80.376	1223	232	4	4280364	4281585	103314	102099	0.0	922
CP010333.1	AL450380.1	80.960	1187	206	12	3171669	3172839	1908266	1909448	0.0	922
CP010333.1	AL450380.1	76.359	1747	395	16	2086515	2088252	2462518	2460781	0.0	922
CP010333.1	AL450380.1	79.729	1253	254	0	3080340	3081592	1017507	1016255	0.0	907
CP010333.1	AL450380.1	75.623	1965	406	57	1830800	1832730	1531700	1533625	0.0	907
CP010333.1	AL450380.1	77.792	1531	300	31	2506446	2507947	1987241	1988760	0.0	907
CP010333.1	AL450380.1	81.455	1127	187	13	1563929	1565044	648423	649538	0.0	904
CP010333.1	AL450380.1	80.226	1239	214	18	1845126	1846341	1666941	1668171	0.0	902
CP010333.1	AL450380.1	82.854	1009	167	5	1386422	1387427	1254651	1255656	0.0	900
CP010333.1	AL450380.1	83.282	981	160	4	242739	243717	3126487	3127465	0.0	900
CP010333.1	AL450380.1	81.216	1118	207	3	906812	907927	2620532	2619416	0.0	898
CP010333.1	AL450380.1	76.947	1631	341	29	1209483	1211091	2863005	2861388	0.0	896
CP010333.1	AL450380.1	81.574	1080	197	2	2615812	2616890	989524	988446	0.0	891
CP010333.1	AL450380.1	82.233	1030	179	3	492303	493330	354034	353007	0.0	885
CP010333.1	AL450380.1	78.736	1345	270	13	173986	175322	3158729	3157393	0.0	885
CP010333.1	AL450380.1	80.444	1171	218	11	1871646	1872810	1690904	1692069	0.0	883
CP010333.1	AL450380.1	81.853	1047	188	2	3691940	3692985	838751	837706	0.0	880
CP010333.1	AL450380.1	78.415	1413	250	42	1654764	1656145	717903	719291	0.0	869
CP010333.1	AL450380.1	82.318	1001	173	3	1605824	1606822	682754	683752	0.0	865
CP010333.1	AL450380.1	84.371	883	134	2	2925856	2926736	550189	551069	0.0	863
CP010333.1	AL450380.1	77.793	1459	281	35	1459666	1461090	1322127	1323576	0.0	859
CP010333.1	AL450380.1	80.295	1152	214	10	22036	23179	25452	26598	0.0	857
CP010333.1	AL450380.1	77.648	1454	294	22	1288516	1289963	1816506	1815078	0.0	856
CP010333.1	AL450380.1	81.599	1038	187	4	3395854	3396889	2087960	2088995	0.0	856
CP010333.1	AL450380.1	83.533	917	143	7	921008	921920	2600060	2599148	0.0	850
CP010333.1	AL450380.1	75.618	1739	405	17	1329037	1330764	1467577	1469307	0.0	845
CP010333.1	AL450380.1	75.133	1882	425	31	2424767	2426628	1073388	1071530	0.0	843
CP010333.1	AL450380.1	77.762	1412	286	22	3036361	3037749	1157188	1155782	0.0	843
CP010333.1	AL450380.1	83.189	922	153	2	886974	887894	2636934	2636014	0.0	843
CP010333.1	AL450380.1	77.747	1429	270	24	3242325	3243747	2820195	2818809	0.0	833
CP010333.1	AL450380.1	86.234	770	100	2	737339	738102	2291078	2290309	0.0	830
CP010333.1	AL450380.1	79.947	1132	221	6	3078085	3079212	1846953	1848082	0.0	828
CP010333.1	AL450380.1	82.353	952	160	7	3085228	3086175	1013089	1012142	0.0	821
CP010333.1	AL450380.1	78.952	1221	242	13	3815913	3817126	469344	468132	0.0	817
CP010333.1	AL450380.1	82.113	956	165	6	1134690	1135642	316988	317940	0.0	813
CP010333.1	AL450380.1	79.717	1129	225	4	2445896	2447022	1053243	1052117	0.0	813
CP010333.1	AL450380.1	79.285	1202	209	25	2459520	2460713	1040845	1039676	0.0	804
CP010333.1	AL450380.1	81.496	989	173	8	3008217	3009202	1191657	1190676	0.0	804
CP010333.1	AL450380.1	80.186	1075	209	4	1241631	1242703	2323281	2322209	0.0	802
CP010333.1	AL450380.1	77.871	1306	273	14	3303892	3305186	168886	167586	0.0	797
CP010333.1	AL450380.1	77.389	1402	277	28	2451161	2452539	1049088	1047704	0.0	797
CP010333.1	AL450380.1	77.956	1311	250	29	3222915	3224194	1953457	1954759	0.0	784
CP010333.1	AL450380.1	78.147	1263	250	19	1126836	1128091	309686	310929	0.0	780
CP010333.1	AL450380.1	74.930	1787	407	32	2503008	2504767	1978475	1980247	0.0	780
CP010333.1	AL450380.1	84.304	790	123	1	2923484	2924272	577127	576338	0.0	771
CP010333.1	AL450380.1	81.681	928	168	2	1939275	1940201	1627968	1628894	0.0	771
CP010333.1	AL450380.1	73.553	2246	494	72	1290691	1292887	1814283	1812089	0.0	765
CP010333.1	AL450380.1	83.153	831	138	2	1653850	1654679	716927	717756	0.0	758
CP010333.1	AL450380.1	81.991	894	159	2	1752733	1753625	1417759	1418651	0.0	758
CP010333.1	AL450380.1	82.319	871	151	1	560421	561288	2934953	2934083	0.0	752
CP010333.1	AL450380.1	80.493	974	190	0	606468	607441	2894770	2893797	0.0	747
CP010333.1	AL450380.1	77.769	1246	254	22	2992017	2993249	1200478	1199243	0.0	745
CP010333.1	AL450380.1	76.586	1482	272	44	908006	909438	2619330	2617875	0.0	745
CP010333.1	AL450380.1	84.375	768	109	10	460159	460921	2962437	2963198	0.0	743
CP010333.1	AL450380.1	79.731	1041	196	14	2395889	2396921	1544316	1543283	0.0	739
CP010333.1	AL450380.1	81.891	878	156	3	3572430	3573305	968065	967189	0.0	737
CP010333.1	AL450380.1	76.228	1405	324	9	1404609	1406008	1272360	1273759	0.0	736
CP010333.1	AL450380.1	75.580	1552	345	27	3343951	3345486	2036633	2038166	0.0	736
CP010333.1	AL450380.1	85.922	689	97	0	4088902	4089590	2726900	2727588	0.0	736
CP010333.1	AL450380.1	80.742	971	157	13	1643218	1644185	709907	710850	0.0	730
CP010333.1	AL450380.1	75.864	1533	314	30	1464326	1465840	1326952	1328446	0.0	730
CP010333.1	AL450380.1	78.725	1114	220	10	271841	272941	3081329	3080220	0.0	728
CP010333.1	AL450380.1	82.500	840	135	11	2819785	2820617	527002	526168	0.0	726
CP010333.1	AL450380.1	79.368	1076	185	22	60372	61417	3232498	3231430	0.0	723
CP010333.1	AL450380.1	80.141	992	172	13	2905585	2906553	593014	592025	0.0	717
CP010333.1	AL450380.1	82.512	812	140	2	4201957	4202767	153594	152784	0.0	712
CP010333.1	AL450380.1	84.225	729	115	0	597367	598095	2900855	2900127	0.0	710
CP010333.1	AL450380.1	83.421	760	111	7	3042106	3042862	1153671	1152924	0.0	691
CP010333.1	AL450380.1	75.410	1464	338	14	1695471	1696924	2177854	2176403	0.0	689
CP010333.1	AL450380.1	76.435	1307	287	17	3303892	3305186	172901	171604	0.0	688
CP010333.1	AL450380.1	78.439	1076	213	16	2138853	2139922	2419571	2418509	0.0	684
CP010333.1	AL450380.1	77.655	1177	223	21	4253074	4254242	110178	109034	0.0	680
CP010333.1	AL450380.1	78.916	996	202	8	4281811	4282802	101895	100904	0.0	669
CP010333.1	AL450380.1	84.799	671	96	4	2452706	2453374	1047579	1046913	0.0	669
CP010333.1	AL450380.1	74.415	1708	368	44	571462	573124	2924470	2922787	0.0	669
CP010333.1	AL450380.1	85.581	645	77	9	3137461	3138103	1882777	1883407	0.0	662
CP010333.1	AL450380.1	81.430	797	148	0	2453458	2454254	1046781	1045985	0.0	652
CP010333.1	AL450380.1	78.821	1001	184	9	4042895	4043870	279074	280071	0.0	649
CP010333.1	AL450380.1	78.615	982	206	4	1443736	1444715	1304111	1305090	0.0	647
CP010333.1	AL450380.1	76.748	1187	259	12	2394598	2395780	1545556	1544383	0.0	647
CP010333.1	AL450380.1	72.483	2155	534	45	4073703	4075821	2713420	2715551	3.00e-180	640
CP010333.1	AL450380.1	87.985	541	53	12	2962199	2962736	1602890	1602359	6.50e-177	628
CP010333.1	AL450380.1	78.824	935	192	6	3324285	3325216	2020081	2021012	8.40e-176	625
CP010333.1	AL450380.1	81.266	774	144	1	772307	773079	2268959	2268186	8.40e-176	625
CP010333.1	AL450380.1	81.664	769	119	15	1027726	1028474	2507764	2506998	3.91e-174	619
CP010333.1	AL450380.1	83.481	678	96	10	2495944	2496605	1971539	1972216	1.41e-173	617
CP010333.1	AL450380.1	76.481	1182	250	22	2153045	2154203	2407271	2406095	1.41e-173	617
CP010333.1	AL450380.1	77.058	1081	236	11	3574609	3575684	965720	964647	6.54e-172	612
CP010333.1	AL450380.1	80.491	815	145	8	3330221	3331023	2023289	2024101	6.54e-172	612
CP010333.1	AL450380.1	79.727	878	146	21	3023156	3024004	1175671	1174797	3.04e-170	606
CP010333.1	AL450380.1	81.856	722	127	4	1366738	1367457	1238386	1239105	1.09e-169	604
CP010333.1	AL450380.1	73.491	1773	397	56	914050	915790	2609839	2608108	3.94e-169	603
CP010333.1	AL450380.1	78.808	906	181	9	2639643	2640542	764382	763482	5.09e-168	599
CP010333.1	AL450380.1	90.487	452	37	4	3457585	3458031	809425	808975	8.52e-166	592
CP010333.1	AL450380.1	80.203	788	149	7	1391091	1391875	1259205	1259988	1.43e-163	584
CP010333.1	AL450380.1	71.806	2309	566	79	1884679	1886943	182296	184563	6.63e-162	579
CP010333.1	AL450380.1	82.753	661	102	10	2733790	2734447	1764248	1764899	6.63e-162	579
CP010333.1	AL450380.1	81.011	732	133	6	1940267	1940994	1628924	1629653	2.39e-161	577
CP010333.1	AL450380.1	78.886	862	173	9	2138851	2139707	122123	121266	8.58e-161	575
CP010333.1	AL450380.1	79.273	825	167	4	1410639	1411461	1279133	1279955	3.09e-160	573
CP010333.1	AL450380.1	88.211	492	42	12	926904	927390	2595059	2594579	3.09e-160	573
CP010333.1	AL450380.1	80.728	742	130	11	3280580	3281315	189243	188509	5.17e-158	566
CP010333.1	AL450380.1	78.090	890	191	3	3193163	3194050	1924848	1925735	2.40e-156	560
CP010333.1	AL450380.1	90.069	433	39	4	4060674	4061104	265101	264671	8.64e-156	558
CP010333.1	AL450380.1	78.352	910	161	23	3421464	3422351	2133845	2134740	3.11e-155	556
CP010333.1	AL450380.1	77.672	945	189	17	970684	971612	2552956	2552018	3.11e-155	556
CP010333.1	AL450380.1	77.874	922	178	17	1201698	1202595	2871570	2870651	5.20e-153	549
CP010333.1	AL450380.1	88.403	457	50	2	1571791	1572244	656779	657235	1.87e-152	547
CP010333.1	AL450380.1	81.333	675	120	6	3666767	3667439	860603	859933	2.42e-151	544
CP010333.1	AL450380.1	80.659	698	135	0	2108081	2108778	2447217	2446520	8.70e-151	542
CP010333.1	AL450380.1	77.802	901	182	12	41334	42228	32816	33704	3.13e-150	540
CP010333.1	AL450380.1	76.365	1062	211	27	982189	983223	2542476	2541428	1.46e-148	534
CP010333.1	AL450380.1	77.958	862	183	6	627505	628362	2878242	2877384	5.24e-148	532
CP010333.1	AL450380.1	80.054	742	127	16	2477703	2478439	1024828	1024103	1.88e-147	531
CP010333.1	AL450380.1	74.370	1389	271	56	808943	810273	2237451	2236090	1.90e-142	514
CP010333.1	AL450380.1	76.692	931	209	7	1326754	1327680	1464232	1465158	2.45e-141	510
CP010333.1	AL450380.1	82.245	597	98	7	2720196	2720788	2433029	2433621	8.83e-141	508
CP010333.1	AL450380.1	85.421	487	71	0	2129257	2129743	2429814	2429328	3.18e-140	507
CP010333.1	AL450380.1	84.449	508	79	0	4024845	4025352	299588	299081	1.48e-138	501
CP010333.1	AL450380.1	81.392	618	107	8	4007654	4008267	2302787	2303400	1.91e-137	497
CP010333.1	AL450380.1	80.848	637	114	6	659447	660078	2706835	2707468	2.47e-136	494
CP010333.1	AL450380.1	75.643	1088	211	40	2458465	2459522	1041945	1040882	8.89e-136	492
CP010333.1	AL450380.1	84.584	493	75	1	4039757	4040248	282045	281553	1.15e-134	488
CP010333.1	AL450380.1	85.115	477	71	0	61421	61897	3230991	3230515	1.15e-134	488
CP010333.1	AL450380.1	81.395	602	104	5	1596511	1597108	675552	676149	1.49e-133	484
CP010333.1	AL450380.1	78.061	784	160	8	983828	984608	2540730	2539956	1.49e-133	484
CP010333.1	AL450380.1	81.664	589	100	5	4171799	4172380	2949390	2948803	5.35e-133	483
CP010333.1	AL450380.1	81.150	626	92	16	1142859	1143462	326377	326998	6.92e-132	479
CP010333.1	AL450380.1	73.627	1384	306	36	1303670	1305015	1802831	1801469	6.92e-132	479
CP010333.1	AL450380.1	73.983	1303	277	40	1403232	1404491	1270944	1272227	1.16e-129	472
CP010333.1	AL450380.1	80.788	609	110	6	24910	25515	28128	28732	4.17e-129	470
CP010333.1	AL450380.1	83.172	517	76	5	2426644	2427151	1071457	1070943	6.97e-127	462
CP010333.1	AL450380.1	84.685	444	68	0	3807461	3807904	480543	480100	2.53e-121	444
CP010333.1	AL450380.1	78.947	665	122	16	3004130	3004777	1195656	1194993	4.23e-119	436
CP010333.1	AL450380.1	75.328	916	218	8	1119354	1120265	252769	253680	5.47e-118	433
CP010333.1	AL450380.1	80.351	570	108	4	1138572	1139138	320674	321242	7.07e-117	429
CP010333.1	AL450380.1	73.034	1424	301	62	3581626	3582997	958765	957373	9.15e-116	425
CP010333.1	AL450380.1	86.528	386	48	4	58430	58813	3234507	3234124	1.18e-114	422
CP010333.1	AL450380.1	79.248	612	114	10	1017996	1018596	2514579	2513970	1.98e-112	414
CP010333.1	AL450380.1	75.400	874	201	12	1090303	1091165	231782	230912	2.56e-111	411
CP010333.1	AL450380.1	84.186	430	61	5	2908046	2908474	590485	590062	2.56e-111	411
CP010333.1	AL450380.1	79.928	558	110	2	1137888	1138444	319966	320522	9.21e-111	409
CP010333.1	AL450380.1	80.292	548	98	7	2324880	2325422	1740916	1741458	1.19e-109	405
CP010333.1	AL450380.1	80.524	534	92	10	2200228	2200753	420491	421020	5.54e-108	399
CP010333.1	AL450380.1	76.711	760	152	16	1517496	1518252	1372503	1373240	5.54e-108	399
CP010333.1	AL450380.1	85.526	380	48	5	2305707	2306081	1733307	1733684	3.34e-105	390
CP010333.1	AL450380.1	81.301	492	80	11	3810450	3810933	476297	475810	1.20e-104	388
CP010333.1	AL450380.1	77.934	639	120	13	4032385	4033004	505443	504807	7.22e-102	379
CP010333.1	AL450380.1	76.479	727	148	16	501835	502545	383594	382875	3.36e-100	374
CP010333.1	AL450380.1	78.534	573	112	10	1117575	1118139	250809	251378	5.62e-98	366
CP010333.1	AL450380.1	74.610	898	197	27	3750315	3751190	523115	522227	5.62e-98	366
CP010333.1	AL450380.1	82.028	434	74	4	3695271	3695702	836869	836438	5.62e-98	366
CP010333.1	AL450380.1	77.467	608	127	7	76595	77200	2129655	2130254	1.22e-94	355
CP010333.1	AL450380.1	76.621	663	141	12	4197621	4198276	157962	157307	4.38e-94	353
CP010333.1	AL450380.1	83.777	376	57	4	3084751	3085122	1013524	1013149	4.38e-94	353
CP010333.1	AL450380.1	81.406	441	71	9	1060951	1061385	213173	213608	5.66e-93	350
CP010333.1	AL450380.1	82.532	395	67	2	2635514	2635906	978183	977789	7.33e-92	346
CP010333.1	AL450380.1	73.729	944	211	26	4040342	4041274	276733	277650	1.59e-88	335
CP010333.1	AL450380.1	82.474	388	60	4	3694882	3695265	837333	836950	5.70e-88	333
CP010333.1	AL450380.1	73.176	1014	235	31	3290753	3291746	2821746	2822742	2.05e-87	331
CP010333.1	AL450380.1	76.324	642	137	15	666072	666705	2503998	2503364	7.38e-87	329
CP010333.1	AL450380.1	75.976	666	142	15	383924	384574	3000218	2999556	2.65e-86	327
CP010333.1	AL450380.1	82.873	362	60	2	1786143	1786503	1437146	1437506	3.43e-85	324
CP010333.1	AL450380.1	76.846	596	125	10	601254	601842	2843219	2842630	3.43e-85	324
CP010333.1	AL450380.1	76.694	605	128	10	601245	601842	2849032	2849630	3.43e-85	324
CP010333.1	AL450380.1	74.387	816	178	24	105723	106522	2378462	2379262	4.44e-84	320
CP010333.1	AL450380.1	72.881	1003	233	26	1250560	1251544	1119383	1120364	9.61e-81	309
CP010333.1	AL450380.1	86.792	265	33	2	3588352	3588615	952053	951790	2.69e-76	294
CP010333.1	AL450380.1	86.957	253	33	0	1207274	1207526	2865292	2865040	1.62e-73	285
CP010333.1	AL450380.1	73.582	776	190	8	2351701	2352466	1583369	1582599	5.83e-73	283
CP010333.1	AL450380.1	82.235	349	39	13	4189531	4189864	165223	164883	7.54e-72	279
CP010333.1	AL450380.1	73.427	858	183	34	2698597	2699434	741574	740742	7.54e-72	279
CP010333.1	AL450380.1	82.353	323	53	4	3014023	3014343	1189893	1189573	2.71e-71	278
CP010333.1	AL450380.1	87.500	240	30	0	1301184	1301423	1803878	1803639	2.71e-71	278
CP010333.1	AL450380.1	75.671	559	119	13	1057129	1057674	209891	210445	7.59e-67	263
CP010333.1	AL450380.1	79.052	401	68	14	855107	855498	2659764	2659371	2.73e-66	261
CP010333.1	AL450380.1	94.083	169	10	0	1396133	1396301	1263602	1263770	3.53e-65	257
CP010333.1	AL450380.1	85.417	240	35	0	1625797	1626036	699949	700188	5.91e-63	250
CP010333.1	AL450380.1	87.558	217	25	2	3323301	3323516	2018886	2019101	5.91e-63	250
CP010333.1	AL450380.1	73.352	728	169	18	391283	392002	2987407	2986697	7.64e-62	246
CP010333.1	AL450380.1	83.846	260	33	7	2159601	2159854	2401291	2401035	1.28e-59	239
CP010333.1	AL450380.1	72.119	972	210	42	3598026	3598971	931830	930894	4.60e-59	237
CP010333.1	AL450380.1	73.662	710	141	34	3339984	3340668	2032525	2033213	5.95e-58	233
CP010333.1	AL450380.1	79.762	336	53	8	10850	11185	12159	12479	7.70e-57	230
CP010333.1	AL450380.1	75.407	492	105	16	3091454	3091935	1214174	1214659	3.58e-55	224
CP010333.1	AL450380.1	80.986	284	52	2	1239238	1239520	2325984	2325702	3.58e-55	224
CP010333.1	AL450380.1	78.249	354	62	13	761912	762257	2277093	2276747	7.75e-52	213
CP010333.1	AL450380.1	76.640	381	85	4	120370	120748	2375552	2375174	3.61e-50	207
CP010333.1	AL450380.1	88.000	175	19	2	3719499	3719672	819843	819670	1.30e-49	206
CP010333.1	AL450380.1	71.995	807	190	25	3644580	3645356	886651	885851	1.30e-49	206
CP010333.1	AL450380.1	90.506	158	12	3	2399168	2399323	1536105	1535949	1.30e-49	206
CP010333.1	AL450380.1	89.286	168	13	5	735320	735485	2293054	2292890	1.30e-49	206
CP010333.1	AL450380.1	77.353	340	71	6	3801606	3801942	485588	485252	7.81e-47	196
CP010333.1	AL450380.1	88.272	162	19	0	1238844	1239005	2326357	2326196	2.81e-46	195
CP010333.1	AL450380.1	75.000	444	98	9	912568	913007	2611471	2611037	1.01e-45	193
CP010333.1	AL450380.1	79.044	272	57	0	2908612	2908883	589914	589643	4.70e-44	187
CP010333.1	AL450380.1	91.304	138	9	3	3550152	3550288	780372	780237	1.69e-43	185
CP010333.1	AL450380.1	94.262	122	5	2	4098989	4099109	2736751	2736871	1.69e-43	185
CP010333.1	AL450380.1	90.071	141	11	2	25586	25723	28852	28992	7.86e-42	180
CP010333.1	AL450380.1	96.296	108	2	2	4140986	4141093	2769234	2769339	1.02e-40	176
CP010333.1	AL450380.1	77.698	278	56	4	1252727	1253001	1122426	1122700	2.20e-37	165
CP010333.1	AL450380.1	96.907	97	3	0	2786794	2786890	1481541	1481445	7.92e-37	163
CP010333.1	AL450380.1	94.340	106	6	0	4140855	4140960	2769028	2769133	7.92e-37	163
CP010333.1	AL450380.1	96.939	98	2	1	387645	387742	2989428	2989332	7.92e-37	163
CP010333.1	AL450380.1	89.062	128	13	1	2613832	2613958	990917	990790	3.68e-35	158
CP010333.1	AL450380.1	79.757	247	20	16	1854869	1855101	1675416	1675646	1.71e-33	152
CP010333.1	AL450380.1	88.889	117	9	4	1028620	1028734	2506678	2506564	3.71e-30	141
CP010333.1	AL450380.1	100.000	75	0	0	1181943	1182017	344340	344414	1.33e-29	139
CP010333.1	AL450380.1	100.000	75	0	0	1949495	1949569	1638366	1638440	1.33e-29	139
CP010333.1	AL450380.1	92.784	97	6	1	3340672	3340768	2033267	2033362	1.33e-29	139
CP010333.1	AL450380.1	93.684	95	3	3	2576191	2576283	2135493	2135586	1.33e-29	139
CP010333.1	AL450380.1	69.991	1093	257	45	2588687	2589747	2148795	2149848	1.73e-28	135
CP010333.1	AL450380.1	98.649	74	1	0	1142631	1142704	326133	326206	2.23e-27	132
CP010333.1	AL450380.1	72.664	428	103	12	1727903	1728323	175154	174734	8.03e-27	130
CP010333.1	AL450380.1	89.888	89	9	0	3612037	3612125	920987	920899	2.25e-22	115
CP010333.1	AL450380.1	82.171	129	20	1	140172	140297	3196933	3196805	3.76e-20	108
CP010333.1	AL450380.1	95.312	64	3	0	3543346	3543409	780378	780315	1.75e-18	102
CP010333.1	AL450380.1	84.466	103	16	0	3660757	3660859	865701	865599	1.75e-18	102
CP010333.1	AL450380.1	91.667	72	5	1	1103656	1103726	242821	242892	2.26e-17	99.0
CP010333.1	AL450380.1	70.270	518	139	14	1532621	1533130	2118426	2118936	1.36e-14	89.8
CP010333.1	AL450380.1	93.220	59	2	2	1465159	1465216	1777871	1777814	1.76e-13	86.1
CP010333.1	AL450380.1	79.200	125	23	2	1290210	1290332	1814841	1814718	6.34e-13	84.2
CP010333.1	AL450380.1	97.826	46	1	0	2987420	2987465	1629703	1629748	8.20e-12	80.5
CP010333.1	AL450380.1	97.826	46	1	0	2987471	2987516	1629703	1629748	8.20e-12	80.5
CP010333.1	AL450380.1	82.474	97	10	7	1028606	1028699	1316284	1316376	2.95e-11	78.7
CP010333.1	AL450380.1	94.231	52	1	2	797986	798036	1777873	1777823	2.95e-11	78.7
CP010333.1	AL450380.1	92.308	52	4	0	3182068	3182119	1164321	1164270	3.82e-10	75.0
CP010333.1	AL450380.1	92.308	52	4	0	963590	963641	1915421	1915472	3.82e-10	75.0
CP010333.1	AL450380.1	95.556	45	2	0	963597	963641	1164313	1164269	1.37e-09	73.1
CP010333.1	AL450380.1	97.674	43	0	1	1652858	1652899	1194882	1194840	1.37e-09	73.1
CP010333.1	AL450380.1	97.674	43	0	1	1652805	1652846	1194882	1194840	1.37e-09	73.1
CP010333.1	AL450380.1	97.674	43	0	1	1652752	1652793	1194882	1194840	1.37e-09	73.1
CP010333.1	AL450380.1	97.674	43	0	1	1652699	1652740	1194882	1194840	1.37e-09	73.1
CP010333.1	AL450380.1	97.674	43	0	1	1652646	1652687	1194882	1194840	1.37e-09	73.1
CP010333.1	AL450380.1	82.353	85	11	4	4213110	4213192	139275	139193	4.94e-09	71.3
CP010333.1	AL450380.1	97.561	41	1	0	2987418	2987458	1164273	1164313	4.94e-09	71.3
CP010333.1	AL450380.1	97.561	41	1	0	2987469	2987509	1164273	1164313	4.94e-09	71.3
CP010333.1	AL450380.1	97.561	41	1	0	963544	963584	1164313	1164273	4.94e-09	71.3
CP010333.1	AL450380.1	97.561	41	1	0	963491	963531	1164313	1164273	4.94e-09	71.3
CP010333.1	AL450380.1	97.561	41	1	0	963438	963478	1164313	1164273	4.94e-09	71.3
CP010333.1	AL450380.1	97.561	41	1	0	963385	963425	1164313	1164273	4.94e-09	71.3
CP010333.1	AL450380.1	100.000	37	0	0	3182078	3182114	1629739	1629703	1.78e-08	69.4
CP010333.1	AL450380.1	100.000	37	0	0	963599	963635	1629739	1629703	1.78e-08	69.4
CP010333.1	AL450380.1	100.000	37	0	0	963546	963582	1629739	1629703	1.78e-08	69.4
CP010333.1	AL450380.1	100.000	37	0	0	963493	963529	1629739	1629703	1.78e-08	69.4
CP010333.1	AL450380.1	100.000	37	0	0	963440	963476	1629739	1629703	1.78e-08	69.4
CP010333.1	AL450380.1	100.000	37	0	0	963387	963423	1629739	1629703	1.78e-08	69.4
CP010333.1	AL450380.1	92.000	50	3	1	1633341	1633390	1777823	1777871	1.78e-08	69.4
CP010333.1	AL450380.1	91.837	49	4	0	963378	963426	1915421	1915469	1.78e-08	69.4
CP010333.1	AL450380.1	91.837	49	4	0	963431	963479	1915421	1915469	1.78e-08	69.4
CP010333.1	AL450380.1	91.837	49	4	0	963484	963532	1915421	1915469	1.78e-08	69.4
CP010333.1	AL450380.1	91.837	49	4	0	963537	963585	1915421	1915469	1.78e-08	69.4
CP010333.1	AL450380.1	95.349	43	2	0	2987468	2987510	1915469	1915427	1.78e-08	69.4
CP010333.1	AL450380.1	95.349	43	2	0	2987417	2987459	1915469	1915427	1.78e-08	69.4
CP010333.1	AL450380.1	85.075	67	9	1	3617404	3617469	1164326	1164260	6.39e-08	67.6
CP010333.1	AL450380.1	95.122	41	2	0	1940985	1941025	1915467	1915427	2.30e-07	65.8
CP010333.1	AL450380.1	93.182	44	3	0	1633341	1633384	2884050	2884093	2.30e-07	65.8
CP010333.1	AL450380.1	95.122	41	2	0	1947648	1947688	2884090	2884050	2.30e-07	65.8
CP010333.1	AL450380.1	89.796	49	5	0	2345948	2345996	1071459	1071507	8.26e-07	63.9
CP010333.1	AL450380.1	89.583	48	5	0	1633342	1633389	126654	126607	2.97e-06	62.1
CP010333.1	AL450380.1	91.111	45	4	0	2346009	2346053	1071463	1071507	2.97e-06	62.1
CP010333.1	AL450380.1	91.111	45	4	0	2346066	2346110	1071463	1071507	2.97e-06	62.1
CP010333.1	AL450380.1	91.111	45	4	0	2680996	2681040	1164269	1164313	2.97e-06	62.1
CP010333.1	AL450380.1	100.000	33	0	0	2765578	2765610	1258591	1258623	2.97e-06	62.1
CP010333.1	AL450380.1	89.583	48	4	1	1832863	1832910	1164313	1164267	1.07e-05	60.2
CP010333.1	AL450380.1	92.683	41	3	0	2681054	2681094	1164273	1164313	1.07e-05	60.2
CP010333.1	AL450380.1	90.909	44	4	0	797993	798036	2884093	2884050	1.07e-05	60.2
CP010333.1	AL450380.1	87.755	49	6	0	1459603	1459651	1071507	1071459	3.84e-05	58.4
CP010333.1	AL450380.1	97.059	34	1	0	2681108	2681141	1164273	1164306	3.84e-05	58.4
CP010333.1	AL450380.1	100.000	30	0	0	797997	798026	126616	126645	1.38e-04	56.5
CP010333.1	AL450380.1	100.000	30	0	0	804957	804986	126616	126645	1.38e-04	56.5
CP010333.1	AL450380.1	100.000	30	0	0	805011	805040	126616	126645	1.38e-04	56.5
CP010333.1	AL450380.1	94.595	37	1	1	4018545	4018581	305945	305910	1.38e-04	56.5
CP010333.1	AL450380.1	92.308	39	3	0	1459546	1459584	1071507	1071469	1.38e-04	56.5
CP010333.1	AL450380.1	92.308	39	3	0	1459489	1459527	1071507	1071469	1.38e-04	56.5
CP010333.1	AL450380.1	92.308	39	3	0	1459432	1459470	1071507	1071469	1.38e-04	56.5
CP010333.1	AL450380.1	100.000	30	0	0	1240711	1240740	2324465	2324436	1.38e-04	56.5
CP010333.1	AL450380.1	94.444	36	2	0	2710374	2710409	2884058	2884093	1.38e-04	56.5
CP010333.1	AL450380.1	100.000	29	0	0	2710377	2710405	126644	126616	4.97e-04	54.7
CP010333.1	AL450380.1	100.000	29	0	0	4237484	4237512	372412	372440	4.97e-04	54.7
CP010333.1	AL450380.1	100.000	28	0	0	1465171	1465198	126618	126645	0.002	52.8
CP010333.1	AL450380.1	100.000	28	0	0	3563379	3563406	1071480	1071507	0.002	52.8
CP010333.1	AL450380.1	100.000	28	0	0	2972323	2972350	1602403	1602376	0.002	52.8
CP010333.1	AL450380.1	100.000	28	0	0	805013	805040	1777860	1777833	0.002	52.8
CP010333.1	AL450380.1	100.000	28	0	0	804959	804986	1777860	1777833	0.002	52.8
CP010333.1	AL450380.1	100.000	28	0	0	2142407	2142434	2222875	2222848	0.002	52.8
